timestamp,car_id,sensor_id,x_gt,y_gt,x_track,y_track
1,79,unknown,266.84,168.675,267.736,168.664
1,79,unknown,266.84,168.729,267.736,168.664
1,79,unknown,266.84,168.783,267.736,168.664
1,79,unknown,266.84,168.843,267.736,168.664
1,79,unknown,266.84,168.901,267.736,168.664
1,79,unknown,266.84,168.963,267.736,168.664
1,79,unknown,266.84,169.027,267.736,168.664
1,79,unknown,266.84,169.089,267.736,168.664
1,79,unknown,266.84,169.144,267.736,168.664
1,79,unknown,266.84,169.207,267.736,168.664
1,79,unknown,266.84,169.259,267.736,168.664
1,79,unknown,266.84,169.324,267.736,168.664
1,79,unknown,266.84,169.38,267.736,168.664
1,79,unknown,266.84,169.441,267.736,168.664
1,79,unknown,266.84,168.675,267.725,168.714
1,79,unknown,266.84,168.729,267.725,168.714
1,79,unknown,266.84,168.783,267.725,168.714
1,79,unknown,266.84,168.843,267.725,168.714
1,79,unknown,266.84,168.901,267.725,168.714
1,79,unknown,266.84,168.963,267.725,168.714
1,79,unknown,266.84,169.027,267.725,168.714
1,79,unknown,266.84,169.089,267.725,168.714
1,79,unknown,266.84,169.144,267.725,168.714
1,79,unknown,266.84,169.207,267.725,168.714
1,79,unknown,266.84,169.259,267.725,168.714
1,79,unknown,266.84,169.324,267.725,168.714
1,79,unknown,266.84,169.38,267.725,168.714
1,79,unknown,266.84,169.441,267.725,168.714
1,79,unknown,266.84,168.675,267.714,168.764
1,79,unknown,266.84,168.729,267.714,168.764
1,79,unknown,266.84,168.783,267.714,168.764
1,79,unknown,266.84,168.843,267.714,168.764
1,79,unknown,266.84,168.901,267.714,168.764
1,79,unknown,266.84,168.963,267.714,168.764
1,79,unknown,266.84,169.027,267.714,168.764
1,79,unknown,266.84,169.089,267.714,168.764
1,79,unknown,266.84,169.144,267.714,168.764
1,79,unknown,266.84,169.207,267.714,168.764
1,79,unknown,266.84,169.259,267.714,168.764
1,79,unknown,266.84,169.324,267.714,168.764
1,79,unknown,266.84,169.38,267.714,168.764
1,79,unknown,266.84,169.441,267.714,168.764
1,79,unknown,266.84,168.675,267.703,168.819
1,79,unknown,266.84,168.729,267.703,168.819
1,79,unknown,266.84,168.783,267.703,168.819
1,79,unknown,266.84,168.843,267.703,168.819
1,79,unknown,266.84,168.901,267.703,168.819
1,79,unknown,266.84,168.963,267.703,168.819
1,79,unknown,266.84,169.027,267.703,168.819
1,79,unknown,266.84,169.089,267.703,168.819
1,79,unknown,266.84,169.144,267.703,168.819
1,79,unknown,266.84,169.207,267.703,168.819
1,79,unknown,266.84,169.259,267.703,168.819
1,79,unknown,266.84,169.324,267.703,168.819
1,79,unknown,266.84,169.38,267.703,168.819
1,79,unknown,266.84,169.441,267.703,168.819
1,79,unknown,266.84,168.675,267.692,168.871
1,79,unknown,266.84,168.729,267.692,168.871
1,79,unknown,266.84,168.783,267.692,168.871
1,79,unknown,266.84,168.843,267.692,168.871
1,79,unknown,266.84,168.901,267.692,168.871
1,79,unknown,266.84,168.963,267.692,168.871
1,79,unknown,266.84,169.027,267.692,168.871
1,79,unknown,266.84,169.089,267.692,168.871
1,79,unknown,266.84,169.144,267.692,168.871
1,79,unknown,266.84,169.207,267.692,168.871
1,79,unknown,266.84,169.259,267.692,168.871
1,79,unknown,266.84,169.324,267.692,168.871
1,79,unknown,266.84,169.38,267.692,168.871
1,79,unknown,266.84,169.441,267.692,168.871
1,79,unknown,266.84,168.675,267.679,168.931
1,79,unknown,266.84,168.729,267.679,168.931
1,79,unknown,266.84,168.783,267.679,168.931
1,79,unknown,266.84,168.843,267.679,168.931
1,79,unknown,266.84,168.901,267.679,168.931
1,79,unknown,266.84,168.963,267.679,168.931
1,79,unknown,266.84,169.027,267.679,168.931
1,79,unknown,266.84,169.089,267.679,168.931
1,79,unknown,266.84,169.144,267.679,168.931
1,79,unknown,266.84,169.207,267.679,168.931
1,79,unknown,266.84,169.259,267.679,168.931
1,79,unknown,266.84,169.324,267.679,168.931
1,79,unknown,266.84,169.38,267.679,168.931
1,79,unknown,266.84,169.441,267.679,168.931
1,79,unknown,266.84,168.675,267.665,168.998
1,79,unknown,266.84,168.729,267.665,168.998
1,79,unknown,266.84,168.783,267.665,168.998
1,79,unknown,266.84,168.843,267.665,168.998
1,79,unknown,266.84,168.901,267.665,168.998
1,79,unknown,266.84,168.963,267.665,168.998
1,79,unknown,266.84,169.027,267.665,168.998
1,79,unknown,266.84,169.089,267.665,168.998
1,79,unknown,266.84,169.144,267.665,168.998
1,79,unknown,266.84,169.207,267.665,168.998
1,79,unknown,266.84,169.259,267.665,168.998
1,79,unknown,266.84,169.324,267.665,168.998
1,79,unknown,266.84,169.38,267.665,168.998
1,79,unknown,266.84,169.441,267.665,168.998
1,79,unknown,266.84,168.675,267.651,169.06
1,79,unknown,266.84,168.729,267.651,169.06
1,79,unknown,266.84,168.783,267.651,169.06
1,79,unknown,266.84,168.843,267.651,169.06
1,79,unknown,266.84,168.901,267.651,169.06
1,79,unknown,266.84,168.963,267.651,169.06
1,79,unknown,266.84,169.027,267.651,169.06
1,79,unknown,266.84,169.089,267.651,169.06
1,79,unknown,266.84,169.144,267.651,169.06
1,79,unknown,266.84,169.207,267.651,169.06
1,79,unknown,266.84,169.259,267.651,169.06
1,79,unknown,266.84,169.324,267.651,169.06
1,79,unknown,266.84,169.38,267.651,169.06
1,79,unknown,266.84,169.441,267.651,169.06
1,79,unknown,266.84,168.675,267.64,169.115
1,79,unknown,266.84,168.729,267.64,169.115
1,79,unknown,266.84,168.783,267.64,169.115
1,79,unknown,266.84,168.843,267.64,169.115
1,79,unknown,266.84,168.901,267.64,169.115
1,79,unknown,266.84,168.963,267.64,169.115
1,79,unknown,266.84,169.027,267.64,169.115
1,79,unknown,266.84,169.089,267.64,169.115
1,79,unknown,266.84,169.144,267.64,169.115
1,79,unknown,266.84,169.207,267.64,169.115
1,79,unknown,266.84,169.259,267.64,169.115
1,79,unknown,266.84,169.324,267.64,169.115
1,79,unknown,266.84,169.38,267.64,169.115
1,79,unknown,266.84,169.441,267.64,169.115
1,79,unknown,266.84,168.675,267.626,169.179
1,79,unknown,266.84,168.729,267.626,169.179
1,79,unknown,266.84,168.783,267.626,169.179
1,79,unknown,266.84,168.843,267.626,169.179
1,79,unknown,266.84,168.901,267.626,169.179
1,79,unknown,266.84,168.963,267.626,169.179
1,79,unknown,266.84,169.027,267.626,169.179
1,79,unknown,266.84,169.089,267.626,169.179
1,79,unknown,266.84,169.144,267.626,169.179
1,79,unknown,266.84,169.207,267.626,169.179
1,79,unknown,266.84,169.259,267.626,169.179
1,79,unknown,266.84,169.324,267.626,169.179
1,79,unknown,266.84,169.38,267.626,169.179
1,79,unknown,266.84,169.441,267.626,169.179
1,79,unknown,266.84,168.675,267.615,169.23
1,79,unknown,266.84,168.729,267.615,169.23
1,79,unknown,266.84,168.783,267.615,169.23
1,79,unknown,266.84,168.843,267.615,169.23
1,79,unknown,266.84,168.901,267.615,169.23
1,79,unknown,266.84,168.963,267.615,169.23
1,79,unknown,266.84,169.027,267.615,169.23
1,79,unknown,266.84,169.089,267.615,169.23
1,79,unknown,266.84,169.144,267.615,169.23
1,79,unknown,266.84,169.207,267.615,169.23
1,79,unknown,266.84,169.259,267.615,169.23
1,79,unknown,266.84,169.324,267.615,169.23
1,79,unknown,266.84,169.38,267.615,169.23
1,79,unknown,266.84,169.441,267.615,169.23
1,79,unknown,266.84,168.675,267.602,169.295
1,79,unknown,266.84,168.729,267.602,169.295
1,79,unknown,266.84,168.783,267.602,169.295
1,79,unknown,266.84,168.843,267.602,169.295
1,79,unknown,266.84,168.901,267.602,169.295
1,79,unknown,266.84,168.963,267.602,169.295
1,79,unknown,266.84,169.027,267.602,169.295
1,79,unknown,266.84,169.089,267.602,169.295
1,79,unknown,266.84,169.144,267.602,169.295
1,79,unknown,266.84,169.207,267.602,169.295
1,79,unknown,266.84,169.259,267.602,169.295
1,79,unknown,266.84,169.324,267.602,169.295
1,79,unknown,266.84,169.38,267.602,169.295
1,79,unknown,266.84,169.441,267.602,169.295
1,79,unknown,266.84,168.675,267.588,169.36
1,79,unknown,266.84,168.729,267.588,169.36
1,79,unknown,266.84,168.783,267.588,169.36
1,79,unknown,266.84,168.843,267.588,169.36
1,79,unknown,266.84,168.901,267.588,169.36
1,79,unknown,266.84,168.963,267.588,169.36
1,79,unknown,266.84,169.027,267.588,169.36
1,79,unknown,266.84,169.089,267.588,169.36
1,79,unknown,266.84,169.144,267.588,169.36
1,79,unknown,266.84,169.207,267.588,169.36
1,79,unknown,266.84,169.259,267.588,169.36
1,79,unknown,266.84,169.324,267.588,169.36
1,79,unknown,266.84,169.38,267.588,169.36
1,79,unknown,266.84,169.441,267.588,169.36
1,79,unknown,266.84,168.675,267.573,169.429
1,79,unknown,266.84,168.729,267.573,169.429
1,79,unknown,266.84,168.783,267.573,169.429
1,79,unknown,266.84,168.843,267.573,169.429
1,79,unknown,266.84,168.901,267.573,169.429
1,79,unknown,266.84,168.963,267.573,169.429
1,79,unknown,266.84,169.027,267.573,169.429
1,79,unknown,266.84,169.089,267.573,169.429
1,79,unknown,266.84,169.144,267.573,169.429
1,79,unknown,266.84,169.207,267.573,169.429
1,79,unknown,266.84,169.259,267.573,169.429
1,79,unknown,266.84,169.324,267.573,169.429
1,79,unknown,266.84,169.38,267.573,169.429
1,79,unknown,266.84,169.441,267.573,169.429
2,79,unknown,266.84,169.505,267.559,169.496
2,79,unknown,266.84,169.568,267.559,169.496
2,79,unknown,266.84,169.628,267.559,169.496
2,79,unknown,266.84,169.68,267.559,169.496
2,79,unknown,266.84,169.742,267.559,169.496
2,79,unknown,266.84,169.804,267.559,169.496
2,79,unknown,266.84,169.867,267.559,169.496
2,79,unknown,266.84,169.925,267.559,169.496
2,79,unknown,266.84,169.987,267.559,169.496
2,79,unknown,266.84,170.041,267.559,169.496
2,79,unknown,266.84,170.105,267.559,169.496
2,79,unknown,266.84,170.162,267.559,169.496
2,79,unknown,266.84,170.218,267.559,169.496
2,79,unknown,266.84,170.275,267.559,169.496
2,79,unknown,266.84,170.331,267.559,169.496
2,79,unknown,266.84,170.384,267.559,169.496
2,79,unknown,266.84,170.437,267.559,169.496
2,79,unknown,266.84,170.498,267.559,169.496
2,79,unknown,266.84,170.556,267.559,169.496
2,79,unknown,266.84,170.614,267.559,169.496
2,79,unknown,266.84,169.505,267.545,169.563
2,79,unknown,266.84,169.568,267.545,169.563
2,79,unknown,266.84,169.628,267.545,169.563
2,79,unknown,266.84,169.68,267.545,169.563
2,79,unknown,266.84,169.742,267.545,169.563
2,79,unknown,266.84,169.804,267.545,169.563
2,79,unknown,266.84,169.867,267.545,169.563
2,79,unknown,266.84,169.925,267.545,169.563
2,79,unknown,266.84,169.987,267.545,169.563
2,79,unknown,266.84,170.041,267.545,169.563
2,79,unknown,266.84,170.105,267.545,169.563
2,79,unknown,266.84,170.162,267.545,169.563
2,79,unknown,266.84,170.218,267.545,169.563
2,79,unknown,266.84,170.275,267.545,169.563
2,79,unknown,266.84,170.331,267.545,169.563
2,79,unknown,266.84,170.384,267.545,169.563
2,79,unknown,266.84,170.437,267.545,169.563
2,79,unknown,266.84,170.498,267.545,169.563
2,79,unknown,266.84,170.556,267.545,169.563
2,79,unknown,266.84,170.614,267.545,169.563
2,79,unknown,266.84,169.505,267.531,169.626
2,79,unknown,266.84,169.568,267.531,169.626
2,79,unknown,266.84,169.628,267.531,169.626
2,79,unknown,266.84,169.68,267.531,169.626
2,79,unknown,266.84,169.742,267.531,169.626
2,79,unknown,266.84,169.804,267.531,169.626
2,79,unknown,266.84,169.867,267.531,169.626
2,79,unknown,266.84,169.925,267.531,169.626
2,79,unknown,266.84,169.987,267.531,169.626
2,79,unknown,266.84,170.041,267.531,169.626
2,79,unknown,266.84,170.105,267.531,169.626
2,79,unknown,266.84,170.162,267.531,169.626
2,79,unknown,266.84,170.218,267.531,169.626
2,79,unknown,266.84,170.275,267.531,169.626
2,79,unknown,266.84,170.331,267.531,169.626
2,79,unknown,266.84,170.384,267.531,169.626
2,79,unknown,266.84,170.437,267.531,169.626
2,79,unknown,266.84,170.498,267.531,169.626
2,79,unknown,266.84,170.556,267.531,169.626
2,79,unknown,266.84,170.614,267.531,169.626
2,79,unknown,266.84,169.505,267.52,169.68
2,79,unknown,266.84,169.568,267.52,169.68
2,79,unknown,266.84,169.628,267.52,169.68
2,79,unknown,266.84,169.68,267.52,169.68
2,79,unknown,266.84,169.742,267.52,169.68
2,79,unknown,266.84,169.804,267.52,169.68
2,79,unknown,266.84,169.867,267.52,169.68
2,79,unknown,266.84,169.925,267.52,169.68
2,79,unknown,266.84,169.987,267.52,169.68
2,79,unknown,266.84,170.041,267.52,169.68
2,79,unknown,266.84,170.105,267.52,169.68
2,79,unknown,266.84,170.162,267.52,169.68
2,79,unknown,266.84,170.218,267.52,169.68
2,79,unknown,266.84,170.275,267.52,169.68
2,79,unknown,266.84,170.331,267.52,169.68
2,79,unknown,266.84,170.384,267.52,169.68
2,79,unknown,266.84,170.437,267.52,169.68
2,79,unknown,266.84,170.498,267.52,169.68
2,79,unknown,266.84,170.556,267.52,169.68
2,79,unknown,266.84,170.614,267.52,169.68
2,79,unknown,266.84,169.505,267.506,169.744
2,79,unknown,266.84,169.568,267.506,169.744
2,79,unknown,266.84,169.628,267.506,169.744
2,79,unknown,266.84,169.68,267.506,169.744
2,79,unknown,266.84,169.742,267.506,169.744
2,79,unknown,266.84,169.804,267.506,169.744
2,79,unknown,266.84,169.867,267.506,169.744
2,79,unknown,266.84,169.925,267.506,169.744
2,79,unknown,266.84,169.987,267.506,169.744
2,79,unknown,266.84,170.041,267.506,169.744
2,79,unknown,266.84,170.105,267.506,169.744
2,79,unknown,266.84,170.162,267.506,169.744
2,79,unknown,266.84,170.218,267.506,169.744
2,79,unknown,266.84,170.275,267.506,169.744
2,79,unknown,266.84,170.331,267.506,169.744
2,79,unknown,266.84,170.384,267.506,169.744
2,79,unknown,266.84,170.437,267.506,169.744
2,79,unknown,266.84,170.498,267.506,169.744
2,79,unknown,266.84,170.556,267.506,169.744
2,79,unknown,266.84,170.614,267.506,169.744
2,79,unknown,266.84,169.505,267.492,169.808
2,79,unknown,266.84,169.568,267.492,169.808
2,79,unknown,266.84,169.628,267.492,169.808
2,79,unknown,266.84,169.68,267.492,169.808
2,79,unknown,266.84,169.742,267.492,169.808
2,79,unknown,266.84,169.804,267.492,169.808
2,79,unknown,266.84,169.867,267.492,169.808
2,79,unknown,266.84,169.925,267.492,169.808
2,79,unknown,266.84,169.987,267.492,169.808
2,79,unknown,266.84,170.041,267.492,169.808
2,79,unknown,266.84,170.105,267.492,169.808
2,79,unknown,266.84,170.162,267.492,169.808
2,79,unknown,266.84,170.218,267.492,169.808
2,79,unknown,266.84,170.275,267.492,169.808
2,79,unknown,266.84,170.331,267.492,169.808
2,79,unknown,266.84,170.384,267.492,169.808
2,79,unknown,266.84,170.437,267.492,169.808
2,79,unknown,266.84,170.498,267.492,169.808
2,79,unknown,266.84,170.556,267.492,169.808
2,79,unknown,266.84,170.614,267.492,169.808
2,79,unknown,266.84,169.505,267.479,169.873
2,79,unknown,266.84,169.568,267.479,169.873
2,79,unknown,266.84,169.628,267.479,169.873
2,79,unknown,266.84,169.68,267.479,169.873
2,79,unknown,266.84,169.742,267.479,169.873
2,79,unknown,266.84,169.804,267.479,169.873
2,79,unknown,266.84,169.867,267.479,169.873
2,79,unknown,266.84,169.925,267.479,169.873
2,79,unknown,266.84,169.987,267.479,169.873
2,79,unknown,266.84,170.041,267.479,169.873
2,79,unknown,266.84,170.105,267.479,169.873
2,79,unknown,266.84,170.162,267.479,169.873
2,79,unknown,266.84,170.218,267.479,169.873
2,79,unknown,266.84,170.275,267.479,169.873
2,79,unknown,266.84,170.331,267.479,169.873
2,79,unknown,266.84,170.384,267.479,169.873
2,79,unknown,266.84,170.437,267.479,169.873
2,79,unknown,266.84,170.498,267.479,169.873
2,79,unknown,266.84,170.556,267.479,169.873
2,79,unknown,266.84,170.614,267.479,169.873
2,79,unknown,266.84,169.505,267.466,169.933
2,79,unknown,266.84,169.568,267.466,169.933
2,79,unknown,266.84,169.628,267.466,169.933
2,79,unknown,266.84,169.68,267.466,169.933
2,79,unknown,266.84,169.742,267.466,169.933
2,79,unknown,266.84,169.804,267.466,169.933
2,79,unknown,266.84,169.867,267.466,169.933
2,79,unknown,266.84,169.925,267.466,169.933
2,79,unknown,266.84,169.987,267.466,169.933
2,79,unknown,266.84,170.041,267.466,169.933
2,79,unknown,266.84,170.105,267.466,169.933
2,79,unknown,266.84,170.162,267.466,169.933
2,79,unknown,266.84,170.218,267.466,169.933
2,79,unknown,266.84,170.275,267.466,169.933
2,79,unknown,266.84,170.331,267.466,169.933
2,79,unknown,266.84,170.384,267.466,169.933
2,79,unknown,266.84,170.437,267.466,169.933
2,79,unknown,266.84,170.498,267.466,169.933
2,79,unknown,266.84,170.556,267.466,169.933
2,79,unknown,266.84,170.614,267.466,169.933
2,79,unknown,266.84,169.505,267.452,169.996
2,79,unknown,266.84,169.568,267.452,169.996
2,79,unknown,266.84,169.628,267.452,169.996
2,79,unknown,266.84,169.68,267.452,169.996
2,79,unknown,266.84,169.742,267.452,169.996
2,79,unknown,266.84,169.804,267.452,169.996
2,79,unknown,266.84,169.867,267.452,169.996
2,79,unknown,266.84,169.925,267.452,169.996
2,79,unknown,266.84,169.987,267.452,169.996
2,79,unknown,266.84,170.041,267.452,169.996
2,79,unknown,266.84,170.105,267.452,169.996
2,79,unknown,266.84,170.162,267.452,169.996
2,79,unknown,266.84,170.218,267.452,169.996
2,79,unknown,266.84,170.275,267.452,169.996
2,79,unknown,266.84,170.331,267.452,169.996
2,79,unknown,266.84,170.384,267.452,169.996
2,79,unknown,266.84,170.437,267.452,169.996
2,79,unknown,266.84,170.498,267.452,169.996
2,79,unknown,266.84,170.556,267.452,169.996
2,79,unknown,266.84,170.614,267.452,169.996
2,79,unknown,266.84,169.505,267.441,170.052
2,79,unknown,266.84,169.568,267.441,170.052
2,79,unknown,266.84,169.628,267.441,170.052
2,79,unknown,266.84,169.68,267.441,170.052
2,79,unknown,266.84,169.742,267.441,170.052
2,79,unknown,266.84,169.804,267.441,170.052
2,79,unknown,266.84,169.867,267.441,170.052
2,79,unknown,266.84,169.925,267.441,170.052
2,79,unknown,266.84,169.987,267.441,170.052
2,79,unknown,266.84,170.041,267.441,170.052
2,79,unknown,266.84,170.105,267.441,170.052
2,79,unknown,266.84,170.162,267.441,170.052
2,79,unknown,266.84,170.218,267.441,170.052
2,79,unknown,266.84,170.275,267.441,170.052
2,79,unknown,266.84,170.331,267.441,170.052
2,79,unknown,266.84,170.384,267.441,170.052
2,79,unknown,266.84,170.437,267.441,170.052
2,79,unknown,266.84,170.498,267.441,170.052
2,79,unknown,266.84,170.556,267.441,170.052
2,79,unknown,266.84,170.614,267.441,170.052
2,79,unknown,266.84,169.505,267.427,170.118
2,79,unknown,266.84,169.568,267.427,170.118
2,79,unknown,266.84,169.628,267.427,170.118
2,79,unknown,266.84,169.68,267.427,170.118
2,79,unknown,266.84,169.742,267.427,170.118
2,79,unknown,266.84,169.804,267.427,170.118
2,79,unknown,266.84,169.867,267.427,170.118
2,79,unknown,266.84,169.925,267.427,170.118
2,79,unknown,266.84,169.987,267.427,170.118
2,79,unknown,266.84,170.041,267.427,170.118
2,79,unknown,266.84,170.105,267.427,170.118
2,79,unknown,266.84,170.162,267.427,170.118
2,79,unknown,266.84,170.218,267.427,170.118
2,79,unknown,266.84,170.275,267.427,170.118
2,79,unknown,266.84,170.331,267.427,170.118
2,79,unknown,266.84,170.384,267.427,170.118
2,79,unknown,266.84,170.437,267.427,170.118
2,79,unknown,266.84,170.498,267.427,170.118
2,79,unknown,266.84,170.556,267.427,170.118
2,79,unknown,266.84,170.614,267.427,170.118
2,79,unknown,266.84,169.505,267.414,170.175
2,79,unknown,266.84,169.568,267.414,170.175
2,79,unknown,266.84,169.628,267.414,170.175
2,79,unknown,266.84,169.68,267.414,170.175
2,79,unknown,266.84,169.742,267.414,170.175
2,79,unknown,266.84,169.804,267.414,170.175
2,79,unknown,266.84,169.867,267.414,170.175
2,79,unknown,266.84,169.925,267.414,170.175
2,79,unknown,266.84,169.987,267.414,170.175
2,79,unknown,266.84,170.041,267.414,170.175
2,79,unknown,266.84,170.105,267.414,170.175
2,79,unknown,266.84,170.162,267.414,170.175
2,79,unknown,266.84,170.218,267.414,170.175
2,79,unknown,266.84,170.275,267.414,170.175
2,79,unknown,266.84,170.331,267.414,170.175
2,79,unknown,266.84,170.384,267.414,170.175
2,79,unknown,266.84,170.437,267.414,170.175
2,79,unknown,266.84,170.498,267.414,170.175
2,79,unknown,266.84,170.556,267.414,170.175
2,79,unknown,266.84,170.614,267.414,170.175
2,79,unknown,266.84,169.505,267.402,170.232
2,79,unknown,266.84,169.568,267.402,170.232
2,79,unknown,266.84,169.628,267.402,170.232
2,79,unknown,266.84,169.68,267.402,170.232
2,79,unknown,266.84,169.742,267.402,170.232
2,79,unknown,266.84,169.804,267.402,170.232
2,79,unknown,266.84,169.867,267.402,170.232
2,79,unknown,266.84,169.925,267.402,170.232
2,79,unknown,266.84,169.987,267.402,170.232
2,79,unknown,266.84,170.041,267.402,170.232
2,79,unknown,266.84,170.105,267.402,170.232
2,79,unknown,266.84,170.162,267.402,170.232
2,79,unknown,266.84,170.218,267.402,170.232
2,79,unknown,266.84,170.275,267.402,170.232
2,79,unknown,266.84,170.331,267.402,170.232
2,79,unknown,266.84,170.384,267.402,170.232
2,79,unknown,266.84,170.437,267.402,170.232
2,79,unknown,266.84,170.498,267.402,170.232
2,79,unknown,266.84,170.556,267.402,170.232
2,79,unknown,266.84,170.614,267.402,170.232
2,79,unknown,266.84,169.505,267.39,170.29
2,79,unknown,266.84,169.568,267.39,170.29
2,79,unknown,266.84,169.628,267.39,170.29
2,79,unknown,266.84,169.68,267.39,170.29
2,79,unknown,266.84,169.742,267.39,170.29
2,79,unknown,266.84,169.804,267.39,170.29
2,79,unknown,266.84,169.867,267.39,170.29
2,79,unknown,266.84,169.925,267.39,170.29
2,79,unknown,266.84,169.987,267.39,170.29
2,79,unknown,266.84,170.041,267.39,170.29
2,79,unknown,266.84,170.105,267.39,170.29
2,79,unknown,266.84,170.162,267.39,170.29
2,79,unknown,266.84,170.218,267.39,170.29
2,79,unknown,266.84,170.275,267.39,170.29
2,79,unknown,266.84,170.331,267.39,170.29
2,79,unknown,266.84,170.384,267.39,170.29
2,79,unknown,266.84,170.437,267.39,170.29
2,79,unknown,266.84,170.498,267.39,170.29
2,79,unknown,266.84,170.556,267.39,170.29
2,79,unknown,266.84,170.614,267.39,170.29
2,79,unknown,266.84,169.505,267.378,170.345
2,79,unknown,266.84,169.568,267.378,170.345
2,79,unknown,266.84,169.628,267.378,170.345
2,79,unknown,266.84,169.68,267.378,170.345
2,79,unknown,266.84,169.742,267.378,170.345
2,79,unknown,266.84,169.804,267.378,170.345
2,79,unknown,266.84,169.867,267.378,170.345
2,79,unknown,266.84,169.925,267.378,170.345
2,79,unknown,266.84,169.987,267.378,170.345
2,79,unknown,266.84,170.041,267.378,170.345
2,79,unknown,266.84,170.105,267.378,170.345
2,79,unknown,266.84,170.162,267.378,170.345
2,79,unknown,266.84,170.218,267.378,170.345
2,79,unknown,266.84,170.275,267.378,170.345
2,79,unknown,266.84,170.331,267.378,170.345
2,79,unknown,266.84,170.384,267.378,170.345
2,79,unknown,266.84,170.437,267.378,170.345
2,79,unknown,266.84,170.498,267.378,170.345
2,79,unknown,266.84,170.556,267.378,170.345
2,79,unknown,266.84,170.614,267.378,170.345
2,79,unknown,266.84,169.505,267.367,170.397
2,79,unknown,266.84,169.568,267.367,170.397
2,79,unknown,266.84,169.628,267.367,170.397
2,79,unknown,266.84,169.68,267.367,170.397
2,79,unknown,266.84,169.742,267.367,170.397
2,79,unknown,266.84,169.804,267.367,170.397
2,79,unknown,266.84,169.867,267.367,170.397
2,79,unknown,266.84,169.925,267.367,170.397
2,79,unknown,266.84,169.987,267.367,170.397
2,79,unknown,266.84,170.041,267.367,170.397
2,79,unknown,266.84,170.105,267.367,170.397
2,79,unknown,266.84,170.162,267.367,170.397
2,79,unknown,266.84,170.218,267.367,170.397
2,79,unknown,266.84,170.275,267.367,170.397
2,79,unknown,266.84,170.331,267.367,170.397
2,79,unknown,266.84,170.384,267.367,170.397
2,79,unknown,266.84,170.437,267.367,170.397
2,79,unknown,266.84,170.498,267.367,170.397
2,79,unknown,266.84,170.556,267.367,170.397
2,79,unknown,266.84,170.614,267.367,170.397
2,79,unknown,266.84,169.505,267.356,170.448
2,79,unknown,266.84,169.568,267.356,170.448
2,79,unknown,266.84,169.628,267.356,170.448
2,79,unknown,266.84,169.68,267.356,170.448
2,79,unknown,266.84,169.742,267.356,170.448
2,79,unknown,266.84,169.804,267.356,170.448
2,79,unknown,266.84,169.867,267.356,170.448
2,79,unknown,266.84,169.925,267.356,170.448
2,79,unknown,266.84,169.987,267.356,170.448
2,79,unknown,266.84,170.041,267.356,170.448
2,79,unknown,266.84,170.105,267.356,170.448
2,79,unknown,266.84,170.162,267.356,170.448
2,79,unknown,266.84,170.218,267.356,170.448
2,79,unknown,266.84,170.275,267.356,170.448
2,79,unknown,266.84,170.331,267.356,170.448
2,79,unknown,266.84,170.384,267.356,170.448
2,79,unknown,266.84,170.437,267.356,170.448
2,79,unknown,266.84,170.498,267.356,170.448
2,79,unknown,266.84,170.556,267.356,170.448
2,79,unknown,266.84,170.614,267.356,170.448
2,79,unknown,266.84,169.505,267.344,170.507
2,79,unknown,266.84,169.568,267.344,170.507
2,79,unknown,266.84,169.628,267.344,170.507
2,79,unknown,266.84,169.68,267.344,170.507
2,79,unknown,266.84,169.742,267.344,170.507
2,79,unknown,266.84,169.804,267.344,170.507
2,79,unknown,266.84,169.867,267.344,170.507
2,79,unknown,266.84,169.925,267.344,170.507
2,79,unknown,266.84,169.987,267.344,170.507
2,79,unknown,266.84,170.041,267.344,170.507
2,79,unknown,266.84,170.105,267.344,170.507
2,79,unknown,266.84,170.162,267.344,170.507
2,79,unknown,266.84,170.218,267.344,170.507
2,79,unknown,266.84,170.275,267.344,170.507
2,79,unknown,266.84,170.331,267.344,170.507
2,79,unknown,266.84,170.384,267.344,170.507
2,79,unknown,266.84,170.437,267.344,170.507
2,79,unknown,266.84,170.498,267.344,170.507
2,79,unknown,266.84,170.556,267.344,170.507
2,79,unknown,266.84,170.614,267.344,170.507
2,79,unknown,266.84,169.505,267.332,170.563
2,79,unknown,266.84,169.568,267.332,170.563
2,79,unknown,266.84,169.628,267.332,170.563
2,79,unknown,266.84,169.68,267.332,170.563
2,79,unknown,266.84,169.742,267.332,170.563
2,79,unknown,266.84,169.804,267.332,170.563
2,79,unknown,266.84,169.867,267.332,170.563
2,79,unknown,266.84,169.925,267.332,170.563
2,79,unknown,266.84,169.987,267.332,170.563
2,79,unknown,266.84,170.041,267.332,170.563
2,79,unknown,266.84,170.105,267.332,170.563
2,79,unknown,266.84,170.162,267.332,170.563
2,79,unknown,266.84,170.218,267.332,170.563
2,79,unknown,266.84,170.275,267.332,170.563
2,79,unknown,266.84,170.331,267.332,170.563
2,79,unknown,266.84,170.384,267.332,170.563
2,79,unknown,266.84,170.437,267.332,170.563
2,79,unknown,266.84,170.498,267.332,170.563
2,79,unknown,266.84,170.556,267.332,170.563
2,79,unknown,266.84,170.614,267.332,170.563
2,79,unknown,266.84,169.505,267.332,170.563
2,79,unknown,266.84,169.568,267.332,170.563
2,79,unknown,266.84,169.628,267.332,170.563
2,79,unknown,266.84,169.68,267.332,170.563
2,79,unknown,266.84,169.742,267.332,170.563
2,79,unknown,266.84,169.804,267.332,170.563
2,79,unknown,266.84,169.867,267.332,170.563
2,79,unknown,266.84,169.925,267.332,170.563
2,79,unknown,266.84,169.987,267.332,170.563
2,79,unknown,266.84,170.041,267.332,170.563
2,79,unknown,266.84,170.105,267.332,170.563
2,79,unknown,266.84,170.162,267.332,170.563
2,79,unknown,266.84,170.218,267.332,170.563
2,79,unknown,266.84,170.275,267.332,170.563
2,79,unknown,266.84,170.331,267.332,170.563
2,79,unknown,266.84,170.384,267.332,170.563
2,79,unknown,266.84,170.437,267.332,170.563
2,79,unknown,266.84,170.498,267.332,170.563
2,79,unknown,266.84,170.556,267.332,170.563
2,79,unknown,266.84,170.614,267.332,170.563
3,79,unknown,266.84,170.677,267.308,170.674
3,79,unknown,266.84,170.73,267.308,170.674
3,79,unknown,266.84,170.792,267.308,170.674
3,79,unknown,266.84,170.849,267.308,170.674
3,79,unknown,266.84,170.912,267.308,170.674
3,79,unknown,266.84,170.977,267.308,170.674
3,79,unknown,266.84,171.038,267.308,170.674
3,79,unknown,266.84,171.096,267.308,170.674
3,79,unknown,266.84,171.149,267.308,170.674
3,79,unknown,266.84,171.214,267.308,170.674
3,79,unknown,266.84,171.276,267.308,170.674
3,79,unknown,266.84,171.329,267.308,170.674
3,79,unknown,266.84,171.39,267.308,170.674
3,79,unknown,266.84,171.45,267.308,170.674
3,79,unknown,266.84,171.514,267.308,170.674
3,79,unknown,266.84,171.572,267.308,170.674
3,79,unknown,266.84,171.634,267.308,170.674
3,79,unknown,266.84,171.697,267.308,170.674
3,79,unknown,266.84,171.762,267.308,170.674
3,79,unknown,266.84,171.826,267.308,170.674
3,79,unknown,266.84,170.677,267.298,170.721
3,79,unknown,266.84,170.73,267.298,170.721
3,79,unknown,266.84,170.792,267.298,170.721
3,79,unknown,266.84,170.849,267.298,170.721
3,79,unknown,266.84,170.912,267.298,170.721
3,79,unknown,266.84,170.977,267.298,170.721
3,79,unknown,266.84,171.038,267.298,170.721
3,79,unknown,266.84,171.096,267.298,170.721
3,79,unknown,266.84,171.149,267.298,170.721
3,79,unknown,266.84,171.214,267.298,170.721
3,79,unknown,266.84,171.276,267.298,170.721
3,79,unknown,266.84,171.329,267.298,170.721
3,79,unknown,266.84,171.39,267.298,170.721
3,79,unknown,266.84,171.45,267.298,170.721
3,79,unknown,266.84,171.514,267.298,170.721
3,79,unknown,266.84,171.572,267.298,170.721
3,79,unknown,266.84,171.634,267.298,170.721
3,79,unknown,266.84,171.697,267.298,170.721
3,79,unknown,266.84,171.762,267.298,170.721
3,79,unknown,266.84,171.826,267.298,170.721
3,79,unknown,266.84,170.677,267.298,170.721
3,79,unknown,266.84,170.73,267.298,170.721
3,79,unknown,266.84,170.792,267.298,170.721
3,79,unknown,266.84,170.849,267.298,170.721
3,79,unknown,266.84,170.912,267.298,170.721
3,79,unknown,266.84,170.977,267.298,170.721
3,79,unknown,266.84,171.038,267.298,170.721
3,79,unknown,266.84,171.096,267.298,170.721
3,79,unknown,266.84,171.149,267.298,170.721
3,79,unknown,266.84,171.214,267.298,170.721
3,79,unknown,266.84,171.276,267.298,170.721
3,79,unknown,266.84,171.329,267.298,170.721
3,79,unknown,266.84,171.39,267.298,170.721
3,79,unknown,266.84,171.45,267.298,170.721
3,79,unknown,266.84,171.514,267.298,170.721
3,79,unknown,266.84,171.572,267.298,170.721
3,79,unknown,266.84,171.634,267.298,170.721
3,79,unknown,266.84,171.697,267.298,170.721
3,79,unknown,266.84,171.762,267.298,170.721
3,79,unknown,266.84,171.826,267.298,170.721
3,79,unknown,266.84,170.677,267.277,170.822
3,79,unknown,266.84,170.73,267.277,170.822
3,79,unknown,266.84,170.792,267.277,170.822
3,79,unknown,266.84,170.849,267.277,170.822
3,79,unknown,266.84,170.912,267.277,170.822
3,79,unknown,266.84,170.977,267.277,170.822
3,79,unknown,266.84,171.038,267.277,170.822
3,79,unknown,266.84,171.096,267.277,170.822
3,79,unknown,266.84,171.149,267.277,170.822
3,79,unknown,266.84,171.214,267.277,170.822
3,79,unknown,266.84,171.276,267.277,170.822
3,79,unknown,266.84,171.329,267.277,170.822
3,79,unknown,266.84,171.39,267.277,170.822
3,79,unknown,266.84,171.45,267.277,170.822
3,79,unknown,266.84,171.514,267.277,170.822
3,79,unknown,266.84,171.572,267.277,170.822
3,79,unknown,266.84,171.634,267.277,170.822
3,79,unknown,266.84,171.697,267.277,170.822
3,79,unknown,266.84,171.762,267.277,170.822
3,79,unknown,266.84,171.826,267.277,170.822
3,79,unknown,266.84,170.677,267.269,170.861
3,79,unknown,266.84,170.73,267.269,170.861
3,79,unknown,266.84,170.792,267.269,170.861
3,79,unknown,266.84,170.849,267.269,170.861
3,79,unknown,266.84,170.912,267.269,170.861
3,79,unknown,266.84,170.977,267.269,170.861
3,79,unknown,266.84,171.038,267.269,170.861
3,79,unknown,266.84,171.096,267.269,170.861
3,79,unknown,266.84,171.149,267.269,170.861
3,79,unknown,266.84,171.214,267.269,170.861
3,79,unknown,266.84,171.276,267.269,170.861
3,79,unknown,266.84,171.329,267.269,170.861
3,79,unknown,266.84,171.39,267.269,170.861
3,79,unknown,266.84,171.45,267.269,170.861
3,79,unknown,266.84,171.514,267.269,170.861
3,79,unknown,266.84,171.572,267.269,170.861
3,79,unknown,266.84,171.634,267.269,170.861
3,79,unknown,266.84,171.697,267.269,170.861
3,79,unknown,266.84,171.762,267.269,170.861
3,79,unknown,266.84,171.826,267.269,170.861
3,79,unknown,266.84,170.677,267.258,170.913
3,79,unknown,266.84,170.73,267.258,170.913
3,79,unknown,266.84,170.792,267.258,170.913
3,79,unknown,266.84,170.849,267.258,170.913
3,79,unknown,266.84,170.912,267.258,170.913
3,79,unknown,266.84,170.977,267.258,170.913
3,79,unknown,266.84,171.038,267.258,170.913
3,79,unknown,266.84,171.096,267.258,170.913
3,79,unknown,266.84,171.149,267.258,170.913
3,79,unknown,266.84,171.214,267.258,170.913
3,79,unknown,266.84,171.276,267.258,170.913
3,79,unknown,266.84,171.329,267.258,170.913
3,79,unknown,266.84,171.39,267.258,170.913
3,79,unknown,266.84,171.45,267.258,170.913
3,79,unknown,266.84,171.514,267.258,170.913
3,79,unknown,266.84,171.572,267.258,170.913
3,79,unknown,266.84,171.634,267.258,170.913
3,79,unknown,266.84,171.697,267.258,170.913
3,79,unknown,266.84,171.762,267.258,170.913
3,79,unknown,266.84,171.826,267.258,170.913
3,79,unknown,266.84,170.677,267.245,170.97
3,79,unknown,266.84,170.73,267.245,170.97
3,79,unknown,266.84,170.792,267.245,170.97
3,79,unknown,266.84,170.849,267.245,170.97
3,79,unknown,266.84,170.912,267.245,170.97
3,79,unknown,266.84,170.977,267.245,170.97
3,79,unknown,266.84,171.038,267.245,170.97
3,79,unknown,266.84,171.096,267.245,170.97
3,79,unknown,266.84,171.149,267.245,170.97
3,79,unknown,266.84,171.214,267.245,170.97
3,79,unknown,266.84,171.276,267.245,170.97
3,79,unknown,266.84,171.329,267.245,170.97
3,79,unknown,266.84,171.39,267.245,170.97
3,79,unknown,266.84,171.45,267.245,170.97
3,79,unknown,266.84,171.514,267.245,170.97
3,79,unknown,266.84,171.572,267.245,170.97
3,79,unknown,266.84,171.634,267.245,170.97
3,79,unknown,266.84,171.697,267.245,170.97
3,79,unknown,266.84,171.762,267.245,170.97
3,79,unknown,266.84,171.826,267.245,170.97
3,79,unknown,266.84,170.677,267.234,171.025
3,79,unknown,266.84,170.73,267.234,171.025
3,79,unknown,266.84,170.792,267.234,171.025
3,79,unknown,266.84,170.849,267.234,171.025
3,79,unknown,266.84,170.912,267.234,171.025
3,79,unknown,266.84,170.977,267.234,171.025
3,79,unknown,266.84,171.038,267.234,171.025
3,79,unknown,266.84,171.096,267.234,171.025
3,79,unknown,266.84,171.149,267.234,171.025
3,79,unknown,266.84,171.214,267.234,171.025
3,79,unknown,266.84,171.276,267.234,171.025
3,79,unknown,266.84,171.329,267.234,171.025
3,79,unknown,266.84,171.39,267.234,171.025
3,79,unknown,266.84,171.45,267.234,171.025
3,79,unknown,266.84,171.514,267.234,171.025
3,79,unknown,266.84,171.572,267.234,171.025
3,79,unknown,266.84,171.634,267.234,171.025
3,79,unknown,266.84,171.697,267.234,171.025
3,79,unknown,266.84,171.762,267.234,171.025
3,79,unknown,266.84,171.826,267.234,171.025
3,79,unknown,266.84,170.677,267.223,171.077
3,79,unknown,266.84,170.73,267.223,171.077
3,79,unknown,266.84,170.792,267.223,171.077
3,79,unknown,266.84,170.849,267.223,171.077
3,79,unknown,266.84,170.912,267.223,171.077
3,79,unknown,266.84,170.977,267.223,171.077
3,79,unknown,266.84,171.038,267.223,171.077
3,79,unknown,266.84,171.096,267.223,171.077
3,79,unknown,266.84,171.149,267.223,171.077
3,79,unknown,266.84,171.214,267.223,171.077
3,79,unknown,266.84,171.276,267.223,171.077
3,79,unknown,266.84,171.329,267.223,171.077
3,79,unknown,266.84,171.39,267.223,171.077
3,79,unknown,266.84,171.45,267.223,171.077
3,79,unknown,266.84,171.514,267.223,171.077
3,79,unknown,266.84,171.572,267.223,171.077
3,79,unknown,266.84,171.634,267.223,171.077
3,79,unknown,266.84,171.697,267.223,171.077
3,79,unknown,266.84,171.762,267.223,171.077
3,79,unknown,266.84,171.826,267.223,171.077
3,79,unknown,266.84,170.677,267.209,171.141
3,79,unknown,266.84,170.73,267.209,171.141
3,79,unknown,266.84,170.792,267.209,171.141
3,79,unknown,266.84,170.849,267.209,171.141
3,79,unknown,266.84,170.912,267.209,171.141
3,79,unknown,266.84,170.977,267.209,171.141
3,79,unknown,266.84,171.038,267.209,171.141
3,79,unknown,266.84,171.096,267.209,171.141
3,79,unknown,266.84,171.149,267.209,171.141
3,79,unknown,266.84,171.214,267.209,171.141
3,79,unknown,266.84,171.276,267.209,171.141
3,79,unknown,266.84,171.329,267.209,171.141
3,79,unknown,266.84,171.39,267.209,171.141
3,79,unknown,266.84,171.45,267.209,171.141
3,79,unknown,266.84,171.514,267.209,171.141
3,79,unknown,266.84,171.572,267.209,171.141
3,79,unknown,266.84,171.634,267.209,171.141
3,79,unknown,266.84,171.697,267.209,171.141
3,79,unknown,266.84,171.762,267.209,171.141
3,79,unknown,266.84,171.826,267.209,171.141
3,79,unknown,266.84,170.677,267.196,171.202
3,79,unknown,266.84,170.73,267.196,171.202
3,79,unknown,266.84,170.792,267.196,171.202
3,79,unknown,266.84,170.849,267.196,171.202
3,79,unknown,266.84,170.912,267.196,171.202
3,79,unknown,266.84,170.977,267.196,171.202
3,79,unknown,266.84,171.038,267.196,171.202
3,79,unknown,266.84,171.096,267.196,171.202
3,79,unknown,266.84,171.149,267.196,171.202
3,79,unknown,266.84,171.214,267.196,171.202
3,79,unknown,266.84,171.276,267.196,171.202
3,79,unknown,266.84,171.329,267.196,171.202
3,79,unknown,266.84,171.39,267.196,171.202
3,79,unknown,266.84,171.45,267.196,171.202
3,79,unknown,266.84,171.514,267.196,171.202
3,79,unknown,266.84,171.572,267.196,171.202
3,79,unknown,266.84,171.634,267.196,171.202
3,79,unknown,266.84,171.697,267.196,171.202
3,79,unknown,266.84,171.762,267.196,171.202
3,79,unknown,266.84,171.826,267.196,171.202
3,79,unknown,266.84,170.677,267.185,171.253
3,79,unknown,266.84,170.73,267.185,171.253
3,79,unknown,266.84,170.792,267.185,171.253
3,79,unknown,266.84,170.849,267.185,171.253
3,79,unknown,266.84,170.912,267.185,171.253
3,79,unknown,266.84,170.977,267.185,171.253
3,79,unknown,266.84,171.038,267.185,171.253
3,79,unknown,266.84,171.096,267.185,171.253
3,79,unknown,266.84,171.149,267.185,171.253
3,79,unknown,266.84,171.214,267.185,171.253
3,79,unknown,266.84,171.276,267.185,171.253
3,79,unknown,266.84,171.329,267.185,171.253
3,79,unknown,266.84,171.39,267.185,171.253
3,79,unknown,266.84,171.45,267.185,171.253
3,79,unknown,266.84,171.514,267.185,171.253
3,79,unknown,266.84,171.572,267.185,171.253
3,79,unknown,266.84,171.634,267.185,171.253
3,79,unknown,266.84,171.697,267.185,171.253
3,79,unknown,266.84,171.762,267.185,171.253
3,79,unknown,266.84,171.826,267.185,171.253
3,79,unknown,266.84,170.677,267.173,171.312
3,79,unknown,266.84,170.73,267.173,171.312
3,79,unknown,266.84,170.792,267.173,171.312
3,79,unknown,266.84,170.849,267.173,171.312
3,79,unknown,266.84,170.912,267.173,171.312
3,79,unknown,266.84,170.977,267.173,171.312
3,79,unknown,266.84,171.038,267.173,171.312
3,79,unknown,266.84,171.096,267.173,171.312
3,79,unknown,266.84,171.149,267.173,171.312
3,79,unknown,266.84,171.214,267.173,171.312
3,79,unknown,266.84,171.276,267.173,171.312
3,79,unknown,266.84,171.329,267.173,171.312
3,79,unknown,266.84,171.39,267.173,171.312
3,79,unknown,266.84,171.45,267.173,171.312
3,79,unknown,266.84,171.514,267.173,171.312
3,79,unknown,266.84,171.572,267.173,171.312
3,79,unknown,266.84,171.634,267.173,171.312
3,79,unknown,266.84,171.697,267.173,171.312
3,79,unknown,266.84,171.762,267.173,171.312
3,79,unknown,266.84,171.826,267.173,171.312
3,79,unknown,266.84,170.677,267.16,171.371
3,79,unknown,266.84,170.73,267.16,171.371
3,79,unknown,266.84,170.792,267.16,171.371
3,79,unknown,266.84,170.849,267.16,171.371
3,79,unknown,266.84,170.912,267.16,171.371
3,79,unknown,266.84,170.977,267.16,171.371
3,79,unknown,266.84,171.038,267.16,171.371
3,79,unknown,266.84,171.096,267.16,171.371
3,79,unknown,266.84,171.149,267.16,171.371
3,79,unknown,266.84,171.214,267.16,171.371
3,79,unknown,266.84,171.276,267.16,171.371
3,79,unknown,266.84,171.329,267.16,171.371
3,79,unknown,266.84,171.39,267.16,171.371
3,79,unknown,266.84,171.45,267.16,171.371
3,79,unknown,266.84,171.514,267.16,171.371
3,79,unknown,266.84,171.572,267.16,171.371
3,79,unknown,266.84,171.634,267.16,171.371
3,79,unknown,266.84,171.697,267.16,171.371
3,79,unknown,266.84,171.762,267.16,171.371
3,79,unknown,266.84,171.826,267.16,171.371
3,79,unknown,266.84,170.677,267.147,171.431
3,79,unknown,266.84,170.73,267.147,171.431
3,79,unknown,266.84,170.792,267.147,171.431
3,79,unknown,266.84,170.849,267.147,171.431
3,79,unknown,266.84,170.912,267.147,171.431
3,79,unknown,266.84,170.977,267.147,171.431
3,79,unknown,266.84,171.038,267.147,171.431
3,79,unknown,266.84,171.096,267.147,171.431
3,79,unknown,266.84,171.149,267.147,171.431
3,79,unknown,266.84,171.214,267.147,171.431
3,79,unknown,266.84,171.276,267.147,171.431
3,79,unknown,266.84,171.329,267.147,171.431
3,79,unknown,266.84,171.39,267.147,171.431
3,79,unknown,266.84,171.45,267.147,171.431
3,79,unknown,266.84,171.514,267.147,171.431
3,79,unknown,266.84,171.572,267.147,171.431
3,79,unknown,266.84,171.634,267.147,171.431
3,79,unknown,266.84,171.697,267.147,171.431
3,79,unknown,266.84,171.762,267.147,171.431
3,79,unknown,266.84,171.826,267.147,171.431
3,79,unknown,266.84,170.677,267.136,171.486
3,79,unknown,266.84,170.73,267.136,171.486
3,79,unknown,266.84,170.792,267.136,171.486
3,79,unknown,266.84,170.849,267.136,171.486
3,79,unknown,266.84,170.912,267.136,171.486
3,79,unknown,266.84,170.977,267.136,171.486
3,79,unknown,266.84,171.038,267.136,171.486
3,79,unknown,266.84,171.096,267.136,171.486
3,79,unknown,266.84,171.149,267.136,171.486
3,79,unknown,266.84,171.214,267.136,171.486
3,79,unknown,266.84,171.276,267.136,171.486
3,79,unknown,266.84,171.329,267.136,171.486
3,79,unknown,266.84,171.39,267.136,171.486
3,79,unknown,266.84,171.45,267.136,171.486
3,79,unknown,266.84,171.514,267.136,171.486
3,79,unknown,266.84,171.572,267.136,171.486
3,79,unknown,266.84,171.634,267.136,171.486
3,79,unknown,266.84,171.697,267.136,171.486
3,79,unknown,266.84,171.762,267.136,171.486
3,79,unknown,266.84,171.826,267.136,171.486
3,79,unknown,266.84,170.677,267.124,171.544
3,79,unknown,266.84,170.73,267.124,171.544
3,79,unknown,266.84,170.792,267.124,171.544
3,79,unknown,266.84,170.849,267.124,171.544
3,79,unknown,266.84,170.912,267.124,171.544
3,79,unknown,266.84,170.977,267.124,171.544
3,79,unknown,266.84,171.038,267.124,171.544
3,79,unknown,266.84,171.096,267.124,171.544
3,79,unknown,266.84,171.149,267.124,171.544
3,79,unknown,266.84,171.214,267.124,171.544
3,79,unknown,266.84,171.276,267.124,171.544
3,79,unknown,266.84,171.329,267.124,171.544
3,79,unknown,266.84,171.39,267.124,171.544
3,79,unknown,266.84,171.45,267.124,171.544
3,79,unknown,266.84,171.514,267.124,171.544
3,79,unknown,266.84,171.572,267.124,171.544
3,79,unknown,266.84,171.634,267.124,171.544
3,79,unknown,266.84,171.697,267.124,171.544
3,79,unknown,266.84,171.762,267.124,171.544
3,79,unknown,266.84,171.826,267.124,171.544
3,79,unknown,266.84,170.677,267.109,171.614
3,79,unknown,266.84,170.73,267.109,171.614
3,79,unknown,266.84,170.792,267.109,171.614
3,79,unknown,266.84,170.849,267.109,171.614
3,79,unknown,266.84,170.912,267.109,171.614
3,79,unknown,266.84,170.977,267.109,171.614
3,79,unknown,266.84,171.038,267.109,171.614
3,79,unknown,266.84,171.096,267.109,171.614
3,79,unknown,266.84,171.149,267.109,171.614
3,79,unknown,266.84,171.214,267.109,171.614
3,79,unknown,266.84,171.276,267.109,171.614
3,79,unknown,266.84,171.329,267.109,171.614
3,79,unknown,266.84,171.39,267.109,171.614
3,79,unknown,266.84,171.45,267.109,171.614
3,79,unknown,266.84,171.514,267.109,171.614
3,79,unknown,266.84,171.572,267.109,171.614
3,79,unknown,266.84,171.634,267.109,171.614
3,79,unknown,266.84,171.697,267.109,171.614
3,79,unknown,266.84,171.762,267.109,171.614
3,79,unknown,266.84,171.826,267.109,171.614
3,79,unknown,266.84,170.677,267.093,171.689
3,79,unknown,266.84,170.73,267.093,171.689
3,79,unknown,266.84,170.792,267.093,171.689
3,79,unknown,266.84,170.849,267.093,171.689
3,79,unknown,266.84,170.912,267.093,171.689
3,79,unknown,266.84,170.977,267.093,171.689
3,79,unknown,266.84,171.038,267.093,171.689
3,79,unknown,266.84,171.096,267.093,171.689
3,79,unknown,266.84,171.149,267.093,171.689
3,79,unknown,266.84,171.214,267.093,171.689
3,79,unknown,266.84,171.276,267.093,171.689
3,79,unknown,266.84,171.329,267.093,171.689
3,79,unknown,266.84,171.39,267.093,171.689
3,79,unknown,266.84,171.45,267.093,171.689
3,79,unknown,266.84,171.514,267.093,171.689
3,79,unknown,266.84,171.572,267.093,171.689
3,79,unknown,266.84,171.634,267.093,171.689
3,79,unknown,266.84,171.697,267.093,171.689
3,79,unknown,266.84,171.762,267.093,171.689
3,79,unknown,266.84,171.826,267.093,171.689
3,79,unknown,266.84,170.677,267.077,171.763
3,79,unknown,266.84,170.73,267.077,171.763
3,79,unknown,266.84,170.792,267.077,171.763
3,79,unknown,266.84,170.849,267.077,171.763
3,79,unknown,266.84,170.912,267.077,171.763
3,79,unknown,266.84,170.977,267.077,171.763
3,79,unknown,266.84,171.038,267.077,171.763
3,79,unknown,266.84,171.096,267.077,171.763
3,79,unknown,266.84,171.149,267.077,171.763
3,79,unknown,266.84,171.214,267.077,171.763
3,79,unknown,266.84,171.276,267.077,171.763
3,79,unknown,266.84,171.329,267.077,171.763
3,79,unknown,266.84,171.39,267.077,171.763
3,79,unknown,266.84,171.45,267.077,171.763
3,79,unknown,266.84,171.514,267.077,171.763
3,79,unknown,266.84,171.572,267.077,171.763
3,79,unknown,266.84,171.634,267.077,171.763
3,79,unknown,266.84,171.697,267.077,171.763
3,79,unknown,266.84,171.762,267.077,171.763
3,79,unknown,266.84,171.826,267.077,171.763
4,79,unknown,266.84,171.882,267.064,171.825
4,79,unknown,266.84,171.942,267.064,171.825
4,79,unknown,266.84,172.003,267.064,171.825
4,79,unknown,266.84,172.066,267.064,171.825
4,79,unknown,266.84,172.122,267.064,171.825
4,79,unknown,266.84,172.182,267.064,171.825
4,79,unknown,266.84,172.239,267.064,171.825
4,79,unknown,266.84,172.299,267.064,171.825
4,79,unknown,266.84,172.357,267.064,171.825
4,79,unknown,266.84,172.412,267.064,171.825
4,79,unknown,266.84,172.469,267.064,171.825
4,79,unknown,266.84,172.529,267.064,171.825
4,79,unknown,266.84,172.589,267.064,171.825
4,79,unknown,266.84,172.641,267.064,171.825
4,79,unknown,266.84,172.706,267.064,171.825
4,79,unknown,266.84,172.767,267.064,171.825
4,79,unknown,266.84,172.831,267.064,171.825
4,79,unknown,266.84,172.885,267.064,171.825
4,79,unknown,266.84,172.942,267.064,171.825
4,79,unknown,266.84,172.995,267.064,171.825
4,79,unknown,266.84,171.882,267.049,171.893
4,79,unknown,266.84,171.942,267.049,171.893
4,79,unknown,266.84,172.003,267.049,171.893
4,79,unknown,266.84,172.066,267.049,171.893
4,79,unknown,266.84,172.122,267.049,171.893
4,79,unknown,266.84,172.182,267.049,171.893
4,79,unknown,266.84,172.239,267.049,171.893
4,79,unknown,266.84,172.299,267.049,171.893
4,79,unknown,266.84,172.357,267.049,171.893
4,79,unknown,266.84,172.412,267.049,171.893
4,79,unknown,266.84,172.469,267.049,171.893
4,79,unknown,266.84,172.529,267.049,171.893
4,79,unknown,266.84,172.589,267.049,171.893
4,79,unknown,266.84,172.641,267.049,171.893
4,79,unknown,266.84,172.706,267.049,171.893
4,79,unknown,266.84,172.767,267.049,171.893
4,79,unknown,266.84,172.831,267.049,171.893
4,79,unknown,266.84,172.885,267.049,171.893
4,79,unknown,266.84,172.942,267.049,171.893
4,79,unknown,266.84,172.995,267.049,171.893
4,79,unknown,266.84,171.882,267.035,171.959
4,79,unknown,266.84,171.942,267.035,171.959
4,79,unknown,266.84,172.003,267.035,171.959
4,79,unknown,266.84,172.066,267.035,171.959
4,79,unknown,266.84,172.122,267.035,171.959
4,79,unknown,266.84,172.182,267.035,171.959
4,79,unknown,266.84,172.239,267.035,171.959
4,79,unknown,266.84,172.299,267.035,171.959
4,79,unknown,266.84,172.357,267.035,171.959
4,79,unknown,266.84,172.412,267.035,171.959
4,79,unknown,266.84,172.469,267.035,171.959
4,79,unknown,266.84,172.529,267.035,171.959
4,79,unknown,266.84,172.589,267.035,171.959
4,79,unknown,266.84,172.641,267.035,171.959
4,79,unknown,266.84,172.706,267.035,171.959
4,79,unknown,266.84,172.767,267.035,171.959
4,79,unknown,266.84,172.831,267.035,171.959
4,79,unknown,266.84,172.885,267.035,171.959
4,79,unknown,266.84,172.942,267.035,171.959
4,79,unknown,266.84,172.995,267.035,171.959
4,79,unknown,266.84,171.882,267.022,172.023
4,79,unknown,266.84,171.942,267.022,172.023
4,79,unknown,266.84,172.003,267.022,172.023
4,79,unknown,266.84,172.066,267.022,172.023
4,79,unknown,266.84,172.122,267.022,172.023
4,79,unknown,266.84,172.182,267.022,172.023
4,79,unknown,266.84,172.239,267.022,172.023
4,79,unknown,266.84,172.299,267.022,172.023
4,79,unknown,266.84,172.357,267.022,172.023
4,79,unknown,266.84,172.412,267.022,172.023
4,79,unknown,266.84,172.469,267.022,172.023
4,79,unknown,266.84,172.529,267.022,172.023
4,79,unknown,266.84,172.589,267.022,172.023
4,79,unknown,266.84,172.641,267.022,172.023
4,79,unknown,266.84,172.706,267.022,172.023
4,79,unknown,266.84,172.767,267.022,172.023
4,79,unknown,266.84,172.831,267.022,172.023
4,79,unknown,266.84,172.885,267.022,172.023
4,79,unknown,266.84,172.942,267.022,172.023
4,79,unknown,266.84,172.995,267.022,172.023
4,79,unknown,266.84,171.882,267.01,172.078
4,79,unknown,266.84,171.942,267.01,172.078
4,79,unknown,266.84,172.003,267.01,172.078
4,79,unknown,266.84,172.066,267.01,172.078
4,79,unknown,266.84,172.122,267.01,172.078
4,79,unknown,266.84,172.182,267.01,172.078
4,79,unknown,266.84,172.239,267.01,172.078
4,79,unknown,266.84,172.299,267.01,172.078
4,79,unknown,266.84,172.357,267.01,172.078
4,79,unknown,266.84,172.412,267.01,172.078
4,79,unknown,266.84,172.469,267.01,172.078
4,79,unknown,266.84,172.529,267.01,172.078
4,79,unknown,266.84,172.589,267.01,172.078
4,79,unknown,266.84,172.641,267.01,172.078
4,79,unknown,266.84,172.706,267.01,172.078
4,79,unknown,266.84,172.767,267.01,172.078
4,79,unknown,266.84,172.831,267.01,172.078
4,79,unknown,266.84,172.885,267.01,172.078
4,79,unknown,266.84,172.942,267.01,172.078
4,79,unknown,266.84,172.995,267.01,172.078
4,79,unknown,266.84,171.882,266.998,172.134
4,79,unknown,266.84,171.942,266.998,172.134
4,79,unknown,266.84,172.003,266.998,172.134
4,79,unknown,266.84,172.066,266.998,172.134
4,79,unknown,266.84,172.122,266.998,172.134
4,79,unknown,266.84,172.182,266.998,172.134
4,79,unknown,266.84,172.239,266.998,172.134
4,79,unknown,266.84,172.299,266.998,172.134
4,79,unknown,266.84,172.357,266.998,172.134
4,79,unknown,266.84,172.412,266.998,172.134
4,79,unknown,266.84,172.469,266.998,172.134
4,79,unknown,266.84,172.529,266.998,172.134
4,79,unknown,266.84,172.589,266.998,172.134
4,79,unknown,266.84,172.641,266.998,172.134
4,79,unknown,266.84,172.706,266.998,172.134
4,79,unknown,266.84,172.767,266.998,172.134
4,79,unknown,266.84,172.831,266.998,172.134
4,79,unknown,266.84,172.885,266.998,172.134
4,79,unknown,266.84,172.942,266.998,172.134
4,79,unknown,266.84,172.995,266.998,172.134
4,79,unknown,266.84,171.882,266.987,172.184
4,79,unknown,266.84,171.942,266.987,172.184
4,79,unknown,266.84,172.003,266.987,172.184
4,79,unknown,266.84,172.066,266.987,172.184
4,79,unknown,266.84,172.122,266.987,172.184
4,79,unknown,266.84,172.182,266.987,172.184
4,79,unknown,266.84,172.239,266.987,172.184
4,79,unknown,266.84,172.299,266.987,172.184
4,79,unknown,266.84,172.357,266.987,172.184
4,79,unknown,266.84,172.412,266.987,172.184
4,79,unknown,266.84,172.469,266.987,172.184
4,79,unknown,266.84,172.529,266.987,172.184
4,79,unknown,266.84,172.589,266.987,172.184
4,79,unknown,266.84,172.641,266.987,172.184
4,79,unknown,266.84,172.706,266.987,172.184
4,79,unknown,266.84,172.767,266.987,172.184
4,79,unknown,266.84,172.831,266.987,172.184
4,79,unknown,266.84,172.885,266.987,172.184
4,79,unknown,266.84,172.942,266.987,172.184
4,79,unknown,266.84,172.995,266.987,172.184
4,79,unknown,266.84,171.882,266.977,172.234
4,79,unknown,266.84,171.942,266.977,172.234
4,79,unknown,266.84,172.003,266.977,172.234
4,79,unknown,266.84,172.066,266.977,172.234
4,79,unknown,266.84,172.122,266.977,172.234
4,79,unknown,266.84,172.182,266.977,172.234
4,79,unknown,266.84,172.239,266.977,172.234
4,79,unknown,266.84,172.299,266.977,172.234
4,79,unknown,266.84,172.357,266.977,172.234
4,79,unknown,266.84,172.412,266.977,172.234
4,79,unknown,266.84,172.469,266.977,172.234
4,79,unknown,266.84,172.529,266.977,172.234
4,79,unknown,266.84,172.589,266.977,172.234
4,79,unknown,266.84,172.641,266.977,172.234
4,79,unknown,266.84,172.706,266.977,172.234
4,79,unknown,266.84,172.767,266.977,172.234
4,79,unknown,266.84,172.831,266.977,172.234
4,79,unknown,266.84,172.885,266.977,172.234
4,79,unknown,266.84,172.942,266.977,172.234
4,79,unknown,266.84,172.995,266.977,172.234
4,79,unknown,266.84,171.882,266.968,172.276
4,79,unknown,266.84,171.942,266.968,172.276
4,79,unknown,266.84,172.003,266.968,172.276
4,79,unknown,266.84,172.066,266.968,172.276
4,79,unknown,266.84,172.122,266.968,172.276
4,79,unknown,266.84,172.182,266.968,172.276
4,79,unknown,266.84,172.239,266.968,172.276
4,79,unknown,266.84,172.299,266.968,172.276
4,79,unknown,266.84,172.357,266.968,172.276
4,79,unknown,266.84,172.412,266.968,172.276
4,79,unknown,266.84,172.469,266.968,172.276
4,79,unknown,266.84,172.529,266.968,172.276
4,79,unknown,266.84,172.589,266.968,172.276
4,79,unknown,266.84,172.641,266.968,172.276
4,79,unknown,266.84,172.706,266.968,172.276
4,79,unknown,266.84,172.767,266.968,172.276
4,79,unknown,266.84,172.831,266.968,172.276
4,79,unknown,266.84,172.885,266.968,172.276
4,79,unknown,266.84,172.942,266.968,172.276
4,79,unknown,266.84,172.995,266.968,172.276
4,79,unknown,266.84,171.882,266.963,172.297
4,79,unknown,266.84,171.942,266.963,172.297
4,79,unknown,266.84,172.003,266.963,172.297
4,79,unknown,266.84,172.066,266.963,172.297
4,79,unknown,266.84,172.122,266.963,172.297
4,79,unknown,266.84,172.182,266.963,172.297
4,79,unknown,266.84,172.239,266.963,172.297
4,79,unknown,266.84,172.299,266.963,172.297
4,79,unknown,266.84,172.357,266.963,172.297
4,79,unknown,266.84,172.412,266.963,172.297
4,79,unknown,266.84,172.469,266.963,172.297
4,79,unknown,266.84,172.529,266.963,172.297
4,79,unknown,266.84,172.589,266.963,172.297
4,79,unknown,266.84,172.641,266.963,172.297
4,79,unknown,266.84,172.706,266.963,172.297
4,79,unknown,266.84,172.767,266.963,172.297
4,79,unknown,266.84,172.831,266.963,172.297
4,79,unknown,266.84,172.885,266.963,172.297
4,79,unknown,266.84,172.942,266.963,172.297
4,79,unknown,266.84,172.995,266.963,172.297
4,79,unknown,266.84,171.882,266.951,172.358
4,79,unknown,266.84,171.942,266.951,172.358
4,79,unknown,266.84,172.003,266.951,172.358
4,79,unknown,266.84,172.066,266.951,172.358
4,79,unknown,266.84,172.122,266.951,172.358
4,79,unknown,266.84,172.182,266.951,172.358
4,79,unknown,266.84,172.239,266.951,172.358
4,79,unknown,266.84,172.299,266.951,172.358
4,79,unknown,266.84,172.357,266.951,172.358
4,79,unknown,266.84,172.412,266.951,172.358
4,79,unknown,266.84,172.469,266.951,172.358
4,79,unknown,266.84,172.529,266.951,172.358
4,79,unknown,266.84,172.589,266.951,172.358
4,79,unknown,266.84,172.641,266.951,172.358
4,79,unknown,266.84,172.706,266.951,172.358
4,79,unknown,266.84,172.767,266.951,172.358
4,79,unknown,266.84,172.831,266.951,172.358
4,79,unknown,266.84,172.885,266.951,172.358
4,79,unknown,266.84,172.942,266.951,172.358
4,79,unknown,266.84,172.995,266.951,172.358
4,79,unknown,266.84,171.882,266.938,172.418
4,79,unknown,266.84,171.942,266.938,172.418
4,79,unknown,266.84,172.003,266.938,172.418
4,79,unknown,266.84,172.066,266.938,172.418
4,79,unknown,266.84,172.122,266.938,172.418
4,79,unknown,266.84,172.182,266.938,172.418
4,79,unknown,266.84,172.239,266.938,172.418
4,79,unknown,266.84,172.299,266.938,172.418
4,79,unknown,266.84,172.357,266.938,172.418
4,79,unknown,266.84,172.412,266.938,172.418
4,79,unknown,266.84,172.469,266.938,172.418
4,79,unknown,266.84,172.529,266.938,172.418
4,79,unknown,266.84,172.589,266.938,172.418
4,79,unknown,266.84,172.641,266.938,172.418
4,79,unknown,266.84,172.706,266.938,172.418
4,79,unknown,266.84,172.767,266.938,172.418
4,79,unknown,266.84,172.831,266.938,172.418
4,79,unknown,266.84,172.885,266.938,172.418
4,79,unknown,266.84,172.942,266.938,172.418
4,79,unknown,266.84,172.995,266.938,172.418
4,79,unknown,266.84,171.882,266.925,172.477
4,79,unknown,266.84,171.942,266.925,172.477
4,79,unknown,266.84,172.003,266.925,172.477
4,79,unknown,266.84,172.066,266.925,172.477
4,79,unknown,266.84,172.122,266.925,172.477
4,79,unknown,266.84,172.182,266.925,172.477
4,79,unknown,266.84,172.239,266.925,172.477
4,79,unknown,266.84,172.299,266.925,172.477
4,79,unknown,266.84,172.357,266.925,172.477
4,79,unknown,266.84,172.412,266.925,172.477
4,79,unknown,266.84,172.469,266.925,172.477
4,79,unknown,266.84,172.529,266.925,172.477
4,79,unknown,266.84,172.589,266.925,172.477
4,79,unknown,266.84,172.641,266.925,172.477
4,79,unknown,266.84,172.706,266.925,172.477
4,79,unknown,266.84,172.767,266.925,172.477
4,79,unknown,266.84,172.831,266.925,172.477
4,79,unknown,266.84,172.885,266.925,172.477
4,79,unknown,266.84,172.942,266.925,172.477
4,79,unknown,266.84,172.995,266.925,172.477
4,79,unknown,266.84,171.882,266.915,172.527
4,79,unknown,266.84,171.942,266.915,172.527
4,79,unknown,266.84,172.003,266.915,172.527
4,79,unknown,266.84,172.066,266.915,172.527
4,79,unknown,266.84,172.122,266.915,172.527
4,79,unknown,266.84,172.182,266.915,172.527
4,79,unknown,266.84,172.239,266.915,172.527
4,79,unknown,266.84,172.299,266.915,172.527
4,79,unknown,266.84,172.357,266.915,172.527
4,79,unknown,266.84,172.412,266.915,172.527
4,79,unknown,266.84,172.469,266.915,172.527
4,79,unknown,266.84,172.529,266.915,172.527
4,79,unknown,266.84,172.589,266.915,172.527
4,79,unknown,266.84,172.641,266.915,172.527
4,79,unknown,266.84,172.706,266.915,172.527
4,79,unknown,266.84,172.767,266.915,172.527
4,79,unknown,266.84,172.831,266.915,172.527
4,79,unknown,266.84,172.885,266.915,172.527
4,79,unknown,266.84,172.942,266.915,172.527
4,79,unknown,266.84,172.995,266.915,172.527
4,79,unknown,266.84,171.882,266.902,172.586
4,79,unknown,266.84,171.942,266.902,172.586
4,79,unknown,266.84,172.003,266.902,172.586
4,79,unknown,266.84,172.066,266.902,172.586
4,79,unknown,266.84,172.122,266.902,172.586
4,79,unknown,266.84,172.182,266.902,172.586
4,79,unknown,266.84,172.239,266.902,172.586
4,79,unknown,266.84,172.299,266.902,172.586
4,79,unknown,266.84,172.357,266.902,172.586
4,79,unknown,266.84,172.412,266.902,172.586
4,79,unknown,266.84,172.469,266.902,172.586
4,79,unknown,266.84,172.529,266.902,172.586
4,79,unknown,266.84,172.589,266.902,172.586
4,79,unknown,266.84,172.641,266.902,172.586
4,79,unknown,266.84,172.706,266.902,172.586
4,79,unknown,266.84,172.767,266.902,172.586
4,79,unknown,266.84,172.831,266.902,172.586
4,79,unknown,266.84,172.885,266.902,172.586
4,79,unknown,266.84,172.942,266.902,172.586
4,79,unknown,266.84,172.995,266.902,172.586
4,79,unknown,266.84,171.882,266.89,172.642
4,79,unknown,266.84,171.942,266.89,172.642
4,79,unknown,266.84,172.003,266.89,172.642
4,79,unknown,266.84,172.066,266.89,172.642
4,79,unknown,266.84,172.122,266.89,172.642
4,79,unknown,266.84,172.182,266.89,172.642
4,79,unknown,266.84,172.239,266.89,172.642
4,79,unknown,266.84,172.299,266.89,172.642
4,79,unknown,266.84,172.357,266.89,172.642
4,79,unknown,266.84,172.412,266.89,172.642
4,79,unknown,266.84,172.469,266.89,172.642
4,79,unknown,266.84,172.529,266.89,172.642
4,79,unknown,266.84,172.589,266.89,172.642
4,79,unknown,266.84,172.641,266.89,172.642
4,79,unknown,266.84,172.706,266.89,172.642
4,79,unknown,266.84,172.767,266.89,172.642
4,79,unknown,266.84,172.831,266.89,172.642
4,79,unknown,266.84,172.885,266.89,172.642
4,79,unknown,266.84,172.942,266.89,172.642
4,79,unknown,266.84,172.995,266.89,172.642
4,79,unknown,266.84,171.882,266.876,172.71
4,79,unknown,266.84,171.942,266.876,172.71
4,79,unknown,266.84,172.003,266.876,172.71
4,79,unknown,266.84,172.066,266.876,172.71
4,79,unknown,266.84,172.122,266.876,172.71
4,79,unknown,266.84,172.182,266.876,172.71
4,79,unknown,266.84,172.239,266.876,172.71
4,79,unknown,266.84,172.299,266.876,172.71
4,79,unknown,266.84,172.357,266.876,172.71
4,79,unknown,266.84,172.412,266.876,172.71
4,79,unknown,266.84,172.469,266.876,172.71
4,79,unknown,266.84,172.529,266.876,172.71
4,79,unknown,266.84,172.589,266.876,172.71
4,79,unknown,266.84,172.641,266.876,172.71
4,79,unknown,266.84,172.706,266.876,172.71
4,79,unknown,266.84,172.767,266.876,172.71
4,79,unknown,266.84,172.831,266.876,172.71
4,79,unknown,266.84,172.885,266.876,172.71
4,79,unknown,266.84,172.942,266.876,172.71
4,79,unknown,266.84,172.995,266.876,172.71
4,79,unknown,266.84,171.882,266.864,172.763
4,79,unknown,266.84,171.942,266.864,172.763
4,79,unknown,266.84,172.003,266.864,172.763
4,79,unknown,266.84,172.066,266.864,172.763
4,79,unknown,266.84,172.122,266.864,172.763
4,79,unknown,266.84,172.182,266.864,172.763
4,79,unknown,266.84,172.239,266.864,172.763
4,79,unknown,266.84,172.299,266.864,172.763
4,79,unknown,266.84,172.357,266.864,172.763
4,79,unknown,266.84,172.412,266.864,172.763
4,79,unknown,266.84,172.469,266.864,172.763
4,79,unknown,266.84,172.529,266.864,172.763
4,79,unknown,266.84,172.589,266.864,172.763
4,79,unknown,266.84,172.641,266.864,172.763
4,79,unknown,266.84,172.706,266.864,172.763
4,79,unknown,266.84,172.767,266.864,172.763
4,79,unknown,266.84,172.831,266.864,172.763
4,79,unknown,266.84,172.885,266.864,172.763
4,79,unknown,266.84,172.942,266.864,172.763
4,79,unknown,266.84,172.995,266.864,172.763
4,79,unknown,266.84,171.882,266.853,172.817
4,79,unknown,266.84,171.942,266.853,172.817
4,79,unknown,266.84,172.003,266.853,172.817
4,79,unknown,266.84,172.066,266.853,172.817
4,79,unknown,266.84,172.122,266.853,172.817
4,79,unknown,266.84,172.182,266.853,172.817
4,79,unknown,266.84,172.239,266.853,172.817
4,79,unknown,266.84,172.299,266.853,172.817
4,79,unknown,266.84,172.357,266.853,172.817
4,79,unknown,266.84,172.412,266.853,172.817
4,79,unknown,266.84,172.469,266.853,172.817
4,79,unknown,266.84,172.529,266.853,172.817
4,79,unknown,266.84,172.589,266.853,172.817
4,79,unknown,266.84,172.641,266.853,172.817
4,79,unknown,266.84,172.706,266.853,172.817
4,79,unknown,266.84,172.767,266.853,172.817
4,79,unknown,266.84,172.831,266.853,172.817
4,79,unknown,266.84,172.885,266.853,172.817
4,79,unknown,266.84,172.942,266.853,172.817
4,79,unknown,266.84,172.995,266.853,172.817
4,79,unknown,266.84,171.882,266.843,172.865
4,79,unknown,266.84,171.942,266.843,172.865
4,79,unknown,266.84,172.003,266.843,172.865
4,79,unknown,266.84,172.066,266.843,172.865
4,79,unknown,266.84,172.122,266.843,172.865
4,79,unknown,266.84,172.182,266.843,172.865
4,79,unknown,266.84,172.239,266.843,172.865
4,79,unknown,266.84,172.299,266.843,172.865
4,79,unknown,266.84,172.357,266.843,172.865
4,79,unknown,266.84,172.412,266.843,172.865
4,79,unknown,266.84,172.469,266.843,172.865
4,79,unknown,266.84,172.529,266.843,172.865
4,79,unknown,266.84,172.589,266.843,172.865
4,79,unknown,266.84,172.641,266.843,172.865
4,79,unknown,266.84,172.706,266.843,172.865
4,79,unknown,266.84,172.767,266.843,172.865
4,79,unknown,266.84,172.831,266.843,172.865
4,79,unknown,266.84,172.885,266.843,172.865
4,79,unknown,266.84,172.942,266.843,172.865
4,79,unknown,266.84,172.995,266.843,172.865
5,79,unknown,266.84,173.054,266.831,172.921
5,79,unknown,266.84,173.113,266.831,172.921
5,79,unknown,266.84,173.169,266.831,172.921
5,79,unknown,266.84,173.228,266.831,172.921
5,79,unknown,266.84,173.282,266.831,172.921
5,79,unknown,266.84,173.34,266.831,172.921
5,79,unknown,266.84,173.392,266.831,172.921
5,79,unknown,266.84,173.453,266.831,172.921
5,79,unknown,266.84,173.513,266.831,172.921
5,79,unknown,266.84,173.574,266.831,172.921
5,79,unknown,266.84,173.63,266.831,172.921
5,79,unknown,266.84,173.694,266.831,172.921
5,79,unknown,266.84,173.753,266.831,172.921
5,79,unknown,266.84,173.809,266.831,172.921
5,79,unknown,266.84,173.864,266.831,172.921
5,79,unknown,266.84,173.925,266.831,172.921
5,79,unknown,266.84,173.981,266.831,172.921
5,79,unknown,266.84,174.045,266.831,172.921
5,79,unknown,266.84,174.101,266.831,172.921
5,79,unknown,266.84,174.164,266.831,172.921
5,79,unknown,266.84,173.054,266.819,172.979
5,79,unknown,266.84,173.113,266.819,172.979
5,79,unknown,266.84,173.169,266.819,172.979
5,79,unknown,266.84,173.228,266.819,172.979
5,79,unknown,266.84,173.282,266.819,172.979
5,79,unknown,266.84,173.34,266.819,172.979
5,79,unknown,266.84,173.392,266.819,172.979
5,79,unknown,266.84,173.453,266.819,172.979
5,79,unknown,266.84,173.513,266.819,172.979
5,79,unknown,266.84,173.574,266.819,172.979
5,79,unknown,266.84,173.63,266.819,172.979
5,79,unknown,266.84,173.694,266.819,172.979
5,79,unknown,266.84,173.753,266.819,172.979
5,79,unknown,266.84,173.809,266.819,172.979
5,79,unknown,266.84,173.864,266.819,172.979
5,79,unknown,266.84,173.925,266.819,172.979
5,79,unknown,266.84,173.981,266.819,172.979
5,79,unknown,266.84,174.045,266.819,172.979
5,79,unknown,266.84,174.101,266.819,172.979
5,79,unknown,266.84,174.164,266.819,172.979
5,79,unknown,266.84,173.054,266.808,173.029
5,79,unknown,266.84,173.113,266.808,173.029
5,79,unknown,266.84,173.169,266.808,173.029
5,79,unknown,266.84,173.228,266.808,173.029
5,79,unknown,266.84,173.282,266.808,173.029
5,79,unknown,266.84,173.34,266.808,173.029
5,79,unknown,266.84,173.392,266.808,173.029
5,79,unknown,266.84,173.453,266.808,173.029
5,79,unknown,266.84,173.513,266.808,173.029
5,79,unknown,266.84,173.574,266.808,173.029
5,79,unknown,266.84,173.63,266.808,173.029
5,79,unknown,266.84,173.694,266.808,173.029
5,79,unknown,266.84,173.753,266.808,173.029
5,79,unknown,266.84,173.809,266.808,173.029
5,79,unknown,266.84,173.864,266.808,173.029
5,79,unknown,266.84,173.925,266.808,173.029
5,79,unknown,266.84,173.981,266.808,173.029
5,79,unknown,266.84,174.045,266.808,173.029
5,79,unknown,266.84,174.101,266.808,173.029
5,79,unknown,266.84,174.164,266.808,173.029
5,79,unknown,266.84,173.054,266.797,173.081
5,79,unknown,266.84,173.113,266.797,173.081
5,79,unknown,266.84,173.169,266.797,173.081
5,79,unknown,266.84,173.228,266.797,173.081
5,79,unknown,266.84,173.282,266.797,173.081
5,79,unknown,266.84,173.34,266.797,173.081
5,79,unknown,266.84,173.392,266.797,173.081
5,79,unknown,266.84,173.453,266.797,173.081
5,79,unknown,266.84,173.513,266.797,173.081
5,79,unknown,266.84,173.574,266.797,173.081
5,79,unknown,266.84,173.63,266.797,173.081
5,79,unknown,266.84,173.694,266.797,173.081
5,79,unknown,266.84,173.753,266.797,173.081
5,79,unknown,266.84,173.809,266.797,173.081
5,79,unknown,266.84,173.864,266.797,173.081
5,79,unknown,266.84,173.925,266.797,173.081
5,79,unknown,266.84,173.981,266.797,173.081
5,79,unknown,266.84,174.045,266.797,173.081
5,79,unknown,266.84,174.101,266.797,173.081
5,79,unknown,266.84,174.164,266.797,173.081
5,79,unknown,266.84,173.054,266.786,173.132
5,79,unknown,266.84,173.113,266.786,173.132
5,79,unknown,266.84,173.169,266.786,173.132
5,79,unknown,266.84,173.228,266.786,173.132
5,79,unknown,266.84,173.282,266.786,173.132
5,79,unknown,266.84,173.34,266.786,173.132
5,79,unknown,266.84,173.392,266.786,173.132
5,79,unknown,266.84,173.453,266.786,173.132
5,79,unknown,266.84,173.513,266.786,173.132
5,79,unknown,266.84,173.574,266.786,173.132
5,79,unknown,266.84,173.63,266.786,173.132
5,79,unknown,266.84,173.694,266.786,173.132
5,79,unknown,266.84,173.753,266.786,173.132
5,79,unknown,266.84,173.809,266.786,173.132
5,79,unknown,266.84,173.864,266.786,173.132
5,79,unknown,266.84,173.925,266.786,173.132
5,79,unknown,266.84,173.981,266.786,173.132
5,79,unknown,266.84,174.045,266.786,173.132
5,79,unknown,266.84,174.101,266.786,173.132
5,79,unknown,266.84,174.164,266.786,173.132
5,79,unknown,266.84,173.054,266.775,173.182
5,79,unknown,266.84,173.113,266.775,173.182
5,79,unknown,266.84,173.169,266.775,173.182
5,79,unknown,266.84,173.228,266.775,173.182
5,79,unknown,266.84,173.282,266.775,173.182
5,79,unknown,266.84,173.34,266.775,173.182
5,79,unknown,266.84,173.392,266.775,173.182
5,79,unknown,266.84,173.453,266.775,173.182
5,79,unknown,266.84,173.513,266.775,173.182
5,79,unknown,266.84,173.574,266.775,173.182
5,79,unknown,266.84,173.63,266.775,173.182
5,79,unknown,266.84,173.694,266.775,173.182
5,79,unknown,266.84,173.753,266.775,173.182
5,79,unknown,266.84,173.809,266.775,173.182
5,79,unknown,266.84,173.864,266.775,173.182
5,79,unknown,266.84,173.925,266.775,173.182
5,79,unknown,266.84,173.981,266.775,173.182
5,79,unknown,266.84,174.045,266.775,173.182
5,79,unknown,266.84,174.101,266.775,173.182
5,79,unknown,266.84,174.164,266.775,173.182
5,79,unknown,266.84,173.054,266.765,173.229
5,79,unknown,266.84,173.113,266.765,173.229
5,79,unknown,266.84,173.169,266.765,173.229
5,79,unknown,266.84,173.228,266.765,173.229
5,79,unknown,266.84,173.282,266.765,173.229
5,79,unknown,266.84,173.34,266.765,173.229
5,79,unknown,266.84,173.392,266.765,173.229
5,79,unknown,266.84,173.453,266.765,173.229
5,79,unknown,266.84,173.513,266.765,173.229
5,79,unknown,266.84,173.574,266.765,173.229
5,79,unknown,266.84,173.63,266.765,173.229
5,79,unknown,266.84,173.694,266.765,173.229
5,79,unknown,266.84,173.753,266.765,173.229
5,79,unknown,266.84,173.809,266.765,173.229
5,79,unknown,266.84,173.864,266.765,173.229
5,79,unknown,266.84,173.925,266.765,173.229
5,79,unknown,266.84,173.981,266.765,173.229
5,79,unknown,266.84,174.045,266.765,173.229
5,79,unknown,266.84,174.101,266.765,173.229
5,79,unknown,266.84,174.164,266.765,173.229
5,79,unknown,266.84,173.054,266.754,173.281
5,79,unknown,266.84,173.113,266.754,173.281
5,79,unknown,266.84,173.169,266.754,173.281
5,79,unknown,266.84,173.228,266.754,173.281
5,79,unknown,266.84,173.282,266.754,173.281
5,79,unknown,266.84,173.34,266.754,173.281
5,79,unknown,266.84,173.392,266.754,173.281
5,79,unknown,266.84,173.453,266.754,173.281
5,79,unknown,266.84,173.513,266.754,173.281
5,79,unknown,266.84,173.574,266.754,173.281
5,79,unknown,266.84,173.63,266.754,173.281
5,79,unknown,266.84,173.694,266.754,173.281
5,79,unknown,266.84,173.753,266.754,173.281
5,79,unknown,266.84,173.809,266.754,173.281
5,79,unknown,266.84,173.864,266.754,173.281
5,79,unknown,266.84,173.925,266.754,173.281
5,79,unknown,266.84,173.981,266.754,173.281
5,79,unknown,266.84,174.045,266.754,173.281
5,79,unknown,266.84,174.101,266.754,173.281
5,79,unknown,266.84,174.164,266.754,173.281
5,79,unknown,266.84,173.054,266.744,173.328
5,79,unknown,266.84,173.113,266.744,173.328
5,79,unknown,266.84,173.169,266.744,173.328
5,79,unknown,266.84,173.228,266.744,173.328
5,79,unknown,266.84,173.282,266.744,173.328
5,79,unknown,266.84,173.34,266.744,173.328
5,79,unknown,266.84,173.392,266.744,173.328
5,79,unknown,266.84,173.453,266.744,173.328
5,79,unknown,266.84,173.513,266.744,173.328
5,79,unknown,266.84,173.574,266.744,173.328
5,79,unknown,266.84,173.63,266.744,173.328
5,79,unknown,266.84,173.694,266.744,173.328
5,79,unknown,266.84,173.753,266.744,173.328
5,79,unknown,266.84,173.809,266.744,173.328
5,79,unknown,266.84,173.864,266.744,173.328
5,79,unknown,266.84,173.925,266.744,173.328
5,79,unknown,266.84,173.981,266.744,173.328
5,79,unknown,266.84,174.045,266.744,173.328
5,79,unknown,266.84,174.101,266.744,173.328
5,79,unknown,266.84,174.164,266.744,173.328
5,79,unknown,266.84,173.054,266.737,173.363
5,79,unknown,266.84,173.113,266.737,173.363
5,79,unknown,266.84,173.169,266.737,173.363
5,79,unknown,266.84,173.228,266.737,173.363
5,79,unknown,266.84,173.282,266.737,173.363
5,79,unknown,266.84,173.34,266.737,173.363
5,79,unknown,266.84,173.392,266.737,173.363
5,79,unknown,266.84,173.453,266.737,173.363
5,79,unknown,266.84,173.513,266.737,173.363
5,79,unknown,266.84,173.574,266.737,173.363
5,79,unknown,266.84,173.63,266.737,173.363
5,79,unknown,266.84,173.694,266.737,173.363
5,79,unknown,266.84,173.753,266.737,173.363
5,79,unknown,266.84,173.809,266.737,173.363
5,79,unknown,266.84,173.864,266.737,173.363
5,79,unknown,266.84,173.925,266.737,173.363
5,79,unknown,266.84,173.981,266.737,173.363
5,79,unknown,266.84,174.045,266.737,173.363
5,79,unknown,266.84,174.101,266.737,173.363
5,79,unknown,266.84,174.164,266.737,173.363
5,79,unknown,266.84,173.054,267.291,173.739
5,79,unknown,266.84,173.113,267.291,173.739
5,79,unknown,266.84,173.169,267.291,173.739
5,79,unknown,266.84,173.228,267.291,173.739
5,79,unknown,266.84,173.282,267.291,173.739
5,79,unknown,266.84,173.34,267.291,173.739
5,79,unknown,266.84,173.392,267.291,173.739
5,79,unknown,266.84,173.453,267.291,173.739
5,79,unknown,266.84,173.513,267.291,173.739
5,79,unknown,266.84,173.574,267.291,173.739
5,79,unknown,266.84,173.63,267.291,173.739
5,79,unknown,266.84,173.694,267.291,173.739
5,79,unknown,266.84,173.753,267.291,173.739
5,79,unknown,266.84,173.809,267.291,173.739
5,79,unknown,266.84,173.864,267.291,173.739
5,79,unknown,266.84,173.925,267.291,173.739
5,79,unknown,266.84,173.981,267.291,173.739
5,79,unknown,266.84,174.045,267.291,173.739
5,79,unknown,266.84,174.101,267.291,173.739
5,79,unknown,266.84,174.164,267.291,173.739
5,79,unknown,266.84,173.054,267.245,173.78
5,79,unknown,266.84,173.113,267.245,173.78
5,79,unknown,266.84,173.169,267.245,173.78
5,79,unknown,266.84,173.228,267.245,173.78
5,79,unknown,266.84,173.282,267.245,173.78
5,79,unknown,266.84,173.34,267.245,173.78
5,79,unknown,266.84,173.392,267.245,173.78
5,79,unknown,266.84,173.453,267.245,173.78
5,79,unknown,266.84,173.513,267.245,173.78
5,79,unknown,266.84,173.574,267.245,173.78
5,79,unknown,266.84,173.63,267.245,173.78
5,79,unknown,266.84,173.694,267.245,173.78
5,79,unknown,266.84,173.753,267.245,173.78
5,79,unknown,266.84,173.809,267.245,173.78
5,79,unknown,266.84,173.864,267.245,173.78
5,79,unknown,266.84,173.925,267.245,173.78
5,79,unknown,266.84,173.981,267.245,173.78
5,79,unknown,266.84,174.045,267.245,173.78
5,79,unknown,266.84,174.101,267.245,173.78
5,79,unknown,266.84,174.164,267.245,173.78
5,79,unknown,266.84,173.054,267.21,173.81
5,79,unknown,266.84,173.113,267.21,173.81
5,79,unknown,266.84,173.169,267.21,173.81
5,79,unknown,266.84,173.228,267.21,173.81
5,79,unknown,266.84,173.282,267.21,173.81
5,79,unknown,266.84,173.34,267.21,173.81
5,79,unknown,266.84,173.392,267.21,173.81
5,79,unknown,266.84,173.453,267.21,173.81
5,79,unknown,266.84,173.513,267.21,173.81
5,79,unknown,266.84,173.574,267.21,173.81
5,79,unknown,266.84,173.63,267.21,173.81
5,79,unknown,266.84,173.694,267.21,173.81
5,79,unknown,266.84,173.753,267.21,173.81
5,79,unknown,266.84,173.809,267.21,173.81
5,79,unknown,266.84,173.864,267.21,173.81
5,79,unknown,266.84,173.925,267.21,173.81
5,79,unknown,266.84,173.981,267.21,173.81
5,79,unknown,266.84,174.045,267.21,173.81
5,79,unknown,266.84,174.101,267.21,173.81
5,79,unknown,266.84,174.164,267.21,173.81
5,79,unknown,266.84,173.054,267.153,173.859
5,79,unknown,266.84,173.113,267.153,173.859
5,79,unknown,266.84,173.169,267.153,173.859
5,79,unknown,266.84,173.228,267.153,173.859
5,79,unknown,266.84,173.282,267.153,173.859
5,79,unknown,266.84,173.34,267.153,173.859
5,79,unknown,266.84,173.392,267.153,173.859
5,79,unknown,266.84,173.453,267.153,173.859
5,79,unknown,266.84,173.513,267.153,173.859
5,79,unknown,266.84,173.574,267.153,173.859
5,79,unknown,266.84,173.63,267.153,173.859
5,79,unknown,266.84,173.694,267.153,173.859
5,79,unknown,266.84,173.753,267.153,173.859
5,79,unknown,266.84,173.809,267.153,173.859
5,79,unknown,266.84,173.864,267.153,173.859
5,79,unknown,266.84,173.925,267.153,173.859
5,79,unknown,266.84,173.981,267.153,173.859
5,79,unknown,266.84,174.045,267.153,173.859
5,79,unknown,266.84,174.101,267.153,173.859
5,79,unknown,266.84,174.164,267.153,173.859
5,79,unknown,266.84,173.054,267.072,173.929
5,79,unknown,266.84,173.113,267.072,173.929
5,79,unknown,266.84,173.169,267.072,173.929
5,79,unknown,266.84,173.228,267.072,173.929
5,79,unknown,266.84,173.282,267.072,173.929
5,79,unknown,266.84,173.34,267.072,173.929
5,79,unknown,266.84,173.392,267.072,173.929
5,79,unknown,266.84,173.453,267.072,173.929
5,79,unknown,266.84,173.513,267.072,173.929
5,79,unknown,266.84,173.574,267.072,173.929
5,79,unknown,266.84,173.63,267.072,173.929
5,79,unknown,266.84,173.694,267.072,173.929
5,79,unknown,266.84,173.753,267.072,173.929
5,79,unknown,266.84,173.809,267.072,173.929
5,79,unknown,266.84,173.864,267.072,173.929
5,79,unknown,266.84,173.925,267.072,173.929
5,79,unknown,266.84,173.981,267.072,173.929
5,79,unknown,266.84,174.045,267.072,173.929
5,79,unknown,266.84,174.101,267.072,173.929
5,79,unknown,266.84,174.164,267.072,173.929
5,79,unknown,266.84,173.054,267.028,173.968
5,79,unknown,266.84,173.113,267.028,173.968
5,79,unknown,266.84,173.169,267.028,173.968
5,79,unknown,266.84,173.228,267.028,173.968
5,79,unknown,266.84,173.282,267.028,173.968
5,79,unknown,266.84,173.34,267.028,173.968
5,79,unknown,266.84,173.392,267.028,173.968
5,79,unknown,266.84,173.453,267.028,173.968
5,79,unknown,266.84,173.513,267.028,173.968
5,79,unknown,266.84,173.574,267.028,173.968
5,79,unknown,266.84,173.63,267.028,173.968
5,79,unknown,266.84,173.694,267.028,173.968
5,79,unknown,266.84,173.753,267.028,173.968
5,79,unknown,266.84,173.809,267.028,173.968
5,79,unknown,266.84,173.864,267.028,173.968
5,79,unknown,266.84,173.925,267.028,173.968
5,79,unknown,266.84,173.981,267.028,173.968
5,79,unknown,266.84,174.045,267.028,173.968
5,79,unknown,266.84,174.101,267.028,173.968
5,79,unknown,266.84,174.164,267.028,173.968
5,79,unknown,266.84,173.054,266.989,174.002
5,79,unknown,266.84,173.113,266.989,174.002
5,79,unknown,266.84,173.169,266.989,174.002
5,79,unknown,266.84,173.228,266.989,174.002
5,79,unknown,266.84,173.282,266.989,174.002
5,79,unknown,266.84,173.34,266.989,174.002
5,79,unknown,266.84,173.392,266.989,174.002
5,79,unknown,266.84,173.453,266.989,174.002
5,79,unknown,266.84,173.513,266.989,174.002
5,79,unknown,266.84,173.574,266.989,174.002
5,79,unknown,266.84,173.63,266.989,174.002
5,79,unknown,266.84,173.694,266.989,174.002
5,79,unknown,266.84,173.753,266.989,174.002
5,79,unknown,266.84,173.809,266.989,174.002
5,79,unknown,266.84,173.864,266.989,174.002
5,79,unknown,266.84,173.925,266.989,174.002
5,79,unknown,266.84,173.981,266.989,174.002
5,79,unknown,266.84,174.045,266.989,174.002
5,79,unknown,266.84,174.101,266.989,174.002
5,79,unknown,266.84,174.164,266.989,174.002
5,79,unknown,266.84,173.054,266.956,174.03
5,79,unknown,266.84,173.113,266.956,174.03
5,79,unknown,266.84,173.169,266.956,174.03
5,79,unknown,266.84,173.228,266.956,174.03
5,79,unknown,266.84,173.282,266.956,174.03
5,79,unknown,266.84,173.34,266.956,174.03
5,79,unknown,266.84,173.392,266.956,174.03
5,79,unknown,266.84,173.453,266.956,174.03
5,79,unknown,266.84,173.513,266.956,174.03
5,79,unknown,266.84,173.574,266.956,174.03
5,79,unknown,266.84,173.63,266.956,174.03
5,79,unknown,266.84,173.694,266.956,174.03
5,79,unknown,266.84,173.753,266.956,174.03
5,79,unknown,266.84,173.809,266.956,174.03
5,79,unknown,266.84,173.864,266.956,174.03
5,79,unknown,266.84,173.925,266.956,174.03
5,79,unknown,266.84,173.981,266.956,174.03
5,79,unknown,266.84,174.045,266.956,174.03
5,79,unknown,266.84,174.101,266.956,174.03
5,79,unknown,266.84,174.164,266.956,174.03
5,79,unknown,266.84,173.054,266.922,174.06
5,79,unknown,266.84,173.113,266.922,174.06
5,79,unknown,266.84,173.169,266.922,174.06
5,79,unknown,266.84,173.228,266.922,174.06
5,79,unknown,266.84,173.282,266.922,174.06
5,79,unknown,266.84,173.34,266.922,174.06
5,79,unknown,266.84,173.392,266.922,174.06
5,79,unknown,266.84,173.453,266.922,174.06
5,79,unknown,266.84,173.513,266.922,174.06
5,79,unknown,266.84,173.574,266.922,174.06
5,79,unknown,266.84,173.63,266.922,174.06
5,79,unknown,266.84,173.694,266.922,174.06
5,79,unknown,266.84,173.753,266.922,174.06
5,79,unknown,266.84,173.809,266.922,174.06
5,79,unknown,266.84,173.864,266.922,174.06
5,79,unknown,266.84,173.925,266.922,174.06
5,79,unknown,266.84,173.981,266.922,174.06
5,79,unknown,266.84,174.045,266.922,174.06
5,79,unknown,266.84,174.101,266.922,174.06
5,79,unknown,266.84,174.164,266.922,174.06
6,79,unknown,266.84,174.218,266.897,174.082
6,79,unknown,266.84,174.278,266.897,174.082
6,79,unknown,266.84,174.337,266.897,174.082
6,79,unknown,266.84,174.401,266.897,174.082
6,79,unknown,266.84,174.461,266.897,174.082
6,79,unknown,266.84,174.518,266.897,174.082
6,79,unknown,266.84,174.57,266.897,174.082
6,79,unknown,266.84,174.624,266.897,174.082
6,79,unknown,266.84,174.687,266.897,174.082
6,79,unknown,266.84,174.74,266.897,174.082
6,79,unknown,266.84,174.801,266.897,174.082
6,79,unknown,266.84,174.858,266.897,174.082
6,79,unknown,266.84,174.917,266.897,174.082
6,79,unknown,266.84,174.975,266.897,174.082
6,79,unknown,266.84,175.036,266.897,174.082
6,79,unknown,266.84,175.096,266.897,174.082
6,79,unknown,266.84,175.152,266.897,174.082
6,79,unknown,266.84,175.21,266.897,174.082
6,79,unknown,266.84,175.268,266.897,174.082
6,79,unknown,266.84,175.331,266.897,174.082
6,79,unknown,266.84,174.218,266.87,174.105
6,79,unknown,266.84,174.278,266.87,174.105
6,79,unknown,266.84,174.337,266.87,174.105
6,79,unknown,266.84,174.401,266.87,174.105
6,79,unknown,266.84,174.461,266.87,174.105
6,79,unknown,266.84,174.518,266.87,174.105
6,79,unknown,266.84,174.57,266.87,174.105
6,79,unknown,266.84,174.624,266.87,174.105
6,79,unknown,266.84,174.687,266.87,174.105
6,79,unknown,266.84,174.74,266.87,174.105
6,79,unknown,266.84,174.801,266.87,174.105
6,79,unknown,266.84,174.858,266.87,174.105
6,79,unknown,266.84,174.917,266.87,174.105
6,79,unknown,266.84,174.975,266.87,174.105
6,79,unknown,266.84,175.036,266.87,174.105
6,79,unknown,266.84,175.096,266.87,174.105
6,79,unknown,266.84,175.152,266.87,174.105
6,79,unknown,266.84,175.21,266.87,174.105
6,79,unknown,266.84,175.268,266.87,174.105
6,79,unknown,266.84,175.331,266.87,174.105
6,79,unknown,266.84,174.218,266.85,174.123
6,79,unknown,266.84,174.278,266.85,174.123
6,79,unknown,266.84,174.337,266.85,174.123
6,79,unknown,266.84,174.401,266.85,174.123
6,79,unknown,266.84,174.461,266.85,174.123
6,79,unknown,266.84,174.518,266.85,174.123
6,79,unknown,266.84,174.57,266.85,174.123
6,79,unknown,266.84,174.624,266.85,174.123
6,79,unknown,266.84,174.687,266.85,174.123
6,79,unknown,266.84,174.74,266.85,174.123
6,79,unknown,266.84,174.801,266.85,174.123
6,79,unknown,266.84,174.858,266.85,174.123
6,79,unknown,266.84,174.917,266.85,174.123
6,79,unknown,266.84,174.975,266.85,174.123
6,79,unknown,266.84,175.036,266.85,174.123
6,79,unknown,266.84,175.096,266.85,174.123
6,79,unknown,266.84,175.152,266.85,174.123
6,79,unknown,266.84,175.21,266.85,174.123
6,79,unknown,266.84,175.268,266.85,174.123
6,79,unknown,266.84,175.331,266.85,174.123
6,79,unknown,266.84,174.218,266.857,174.117
6,79,unknown,266.84,174.278,266.857,174.117
6,79,unknown,266.84,174.337,266.857,174.117
6,79,unknown,266.84,174.401,266.857,174.117
6,79,unknown,266.84,174.461,266.857,174.117
6,79,unknown,266.84,174.518,266.857,174.117
6,79,unknown,266.84,174.57,266.857,174.117
6,79,unknown,266.84,174.624,266.857,174.117
6,79,unknown,266.84,174.687,266.857,174.117
6,79,unknown,266.84,174.74,266.857,174.117
6,79,unknown,266.84,174.801,266.857,174.117
6,79,unknown,266.84,174.858,266.857,174.117
6,79,unknown,266.84,174.917,266.857,174.117
6,79,unknown,266.84,174.975,266.857,174.117
6,79,unknown,266.84,175.036,266.857,174.117
6,79,unknown,266.84,175.096,266.857,174.117
6,79,unknown,266.84,175.152,266.857,174.117
6,79,unknown,266.84,175.21,266.857,174.117
6,79,unknown,266.84,175.268,266.857,174.117
6,79,unknown,266.84,175.331,266.857,174.117
6,79,unknown,266.84,174.218,267.141,174.597
6,79,unknown,266.84,174.278,267.141,174.597
6,79,unknown,266.84,174.337,267.141,174.597
6,79,unknown,266.84,174.401,267.141,174.597
6,79,unknown,266.84,174.461,267.141,174.597
6,79,unknown,266.84,174.518,267.141,174.597
6,79,unknown,266.84,174.57,267.141,174.597
6,79,unknown,266.84,174.624,267.141,174.597
6,79,unknown,266.84,174.687,267.141,174.597
6,79,unknown,266.84,174.74,267.141,174.597
6,79,unknown,266.84,174.801,267.141,174.597
6,79,unknown,266.84,174.858,267.141,174.597
6,79,unknown,266.84,174.917,267.141,174.597
6,79,unknown,266.84,174.975,267.141,174.597
6,79,unknown,266.84,175.036,267.141,174.597
6,79,unknown,266.84,175.096,267.141,174.597
6,79,unknown,266.84,175.152,267.141,174.597
6,79,unknown,266.84,175.21,267.141,174.597
6,79,unknown,266.84,175.268,267.141,174.597
6,79,unknown,266.84,175.331,267.141,174.597
6,79,unknown,266.84,174.218,267.085,174.605
6,79,unknown,266.84,174.278,267.085,174.605
6,79,unknown,266.84,174.337,267.085,174.605
6,79,unknown,266.84,174.401,267.085,174.605
6,79,unknown,266.84,174.461,267.085,174.605
6,79,unknown,266.84,174.518,267.085,174.605
6,79,unknown,266.84,174.57,267.085,174.605
6,79,unknown,266.84,174.624,267.085,174.605
6,79,unknown,266.84,174.687,267.085,174.605
6,79,unknown,266.84,174.74,267.085,174.605
6,79,unknown,266.84,174.801,267.085,174.605
6,79,unknown,266.84,174.858,267.085,174.605
6,79,unknown,266.84,174.917,267.085,174.605
6,79,unknown,266.84,174.975,267.085,174.605
6,79,unknown,266.84,175.036,267.085,174.605
6,79,unknown,266.84,175.096,267.085,174.605
6,79,unknown,266.84,175.152,267.085,174.605
6,79,unknown,266.84,175.21,267.085,174.605
6,79,unknown,266.84,175.268,267.085,174.605
6,79,unknown,266.84,175.331,267.085,174.605
6,79,unknown,266.84,174.218,266.922,174.628
6,79,unknown,266.84,174.278,266.922,174.628
6,79,unknown,266.84,174.337,266.922,174.628
6,79,unknown,266.84,174.401,266.922,174.628
6,79,unknown,266.84,174.461,266.922,174.628
6,79,unknown,266.84,174.518,266.922,174.628
6,79,unknown,266.84,174.57,266.922,174.628
6,79,unknown,266.84,174.624,266.922,174.628
6,79,unknown,266.84,174.687,266.922,174.628
6,79,unknown,266.84,174.74,266.922,174.628
6,79,unknown,266.84,174.801,266.922,174.628
6,79,unknown,266.84,174.858,266.922,174.628
6,79,unknown,266.84,174.917,266.922,174.628
6,79,unknown,266.84,174.975,266.922,174.628
6,79,unknown,266.84,175.036,266.922,174.628
6,79,unknown,266.84,175.096,266.922,174.628
6,79,unknown,266.84,175.152,266.922,174.628
6,79,unknown,266.84,175.21,266.922,174.628
6,79,unknown,266.84,175.268,266.922,174.628
6,79,unknown,266.84,175.331,266.922,174.628
6,79,unknown,266.84,174.218,266.903,174.631
6,79,unknown,266.84,174.278,266.903,174.631
6,79,unknown,266.84,174.337,266.903,174.631
6,79,unknown,266.84,174.401,266.903,174.631
6,79,unknown,266.84,174.461,266.903,174.631
6,79,unknown,266.84,174.518,266.903,174.631
6,79,unknown,266.84,174.57,266.903,174.631
6,79,unknown,266.84,174.624,266.903,174.631
6,79,unknown,266.84,174.687,266.903,174.631
6,79,unknown,266.84,174.74,266.903,174.631
6,79,unknown,266.84,174.801,266.903,174.631
6,79,unknown,266.84,174.858,266.903,174.631
6,79,unknown,266.84,174.917,266.903,174.631
6,79,unknown,266.84,174.975,266.903,174.631
6,79,unknown,266.84,175.036,266.903,174.631
6,79,unknown,266.84,175.096,266.903,174.631
6,79,unknown,266.84,175.152,266.903,174.631
6,79,unknown,266.84,175.21,266.903,174.631
6,79,unknown,266.84,175.268,266.903,174.631
6,79,unknown,266.84,175.331,266.903,174.631
6,79,unknown,266.84,174.218,266.889,174.633
6,79,unknown,266.84,174.278,266.889,174.633
6,79,unknown,266.84,174.337,266.889,174.633
6,79,unknown,266.84,174.401,266.889,174.633
6,79,unknown,266.84,174.461,266.889,174.633
6,79,unknown,266.84,174.518,266.889,174.633
6,79,unknown,266.84,174.57,266.889,174.633
6,79,unknown,266.84,174.624,266.889,174.633
6,79,unknown,266.84,174.687,266.889,174.633
6,79,unknown,266.84,174.74,266.889,174.633
6,79,unknown,266.84,174.801,266.889,174.633
6,79,unknown,266.84,174.858,266.889,174.633
6,79,unknown,266.84,174.917,266.889,174.633
6,79,unknown,266.84,174.975,266.889,174.633
6,79,unknown,266.84,175.036,266.889,174.633
6,79,unknown,266.84,175.096,266.889,174.633
6,79,unknown,266.84,175.152,266.889,174.633
6,79,unknown,266.84,175.21,266.889,174.633
6,79,unknown,266.84,175.268,266.889,174.633
6,79,unknown,266.84,175.331,266.889,174.633
6,79,unknown,266.84,174.218,266.885,174.633
6,79,unknown,266.84,174.278,266.885,174.633
6,79,unknown,266.84,174.337,266.885,174.633
6,79,unknown,266.84,174.401,266.885,174.633
6,79,unknown,266.84,174.461,266.885,174.633
6,79,unknown,266.84,174.518,266.885,174.633
6,79,unknown,266.84,174.57,266.885,174.633
6,79,unknown,266.84,174.624,266.885,174.633
6,79,unknown,266.84,174.687,266.885,174.633
6,79,unknown,266.84,174.74,266.885,174.633
6,79,unknown,266.84,174.801,266.885,174.633
6,79,unknown,266.84,174.858,266.885,174.633
6,79,unknown,266.84,174.917,266.885,174.633
6,79,unknown,266.84,174.975,266.885,174.633
6,79,unknown,266.84,175.036,266.885,174.633
6,79,unknown,266.84,175.096,266.885,174.633
6,79,unknown,266.84,175.152,266.885,174.633
6,79,unknown,266.84,175.21,266.885,174.633
6,79,unknown,266.84,175.268,266.885,174.633
6,79,unknown,266.84,175.331,266.885,174.633
6,79,unknown,266.84,174.218,266.899,174.631
6,79,unknown,266.84,174.278,266.899,174.631
6,79,unknown,266.84,174.337,266.899,174.631
6,79,unknown,266.84,174.401,266.899,174.631
6,79,unknown,266.84,174.461,266.899,174.631
6,79,unknown,266.84,174.518,266.899,174.631
6,79,unknown,266.84,174.57,266.899,174.631
6,79,unknown,266.84,174.624,266.899,174.631
6,79,unknown,266.84,174.687,266.899,174.631
6,79,unknown,266.84,174.74,266.899,174.631
6,79,unknown,266.84,174.801,266.899,174.631
6,79,unknown,266.84,174.858,266.899,174.631
6,79,unknown,266.84,174.917,266.899,174.631
6,79,unknown,266.84,174.975,266.899,174.631
6,79,unknown,266.84,175.036,266.899,174.631
6,79,unknown,266.84,175.096,266.899,174.631
6,79,unknown,266.84,175.152,266.899,174.631
6,79,unknown,266.84,175.21,266.899,174.631
6,79,unknown,266.84,175.268,266.899,174.631
6,79,unknown,266.84,175.331,266.899,174.631
6,79,unknown,266.84,174.218,266.992,174.618
6,79,unknown,266.84,174.278,266.992,174.618
6,79,unknown,266.84,174.337,266.992,174.618
6,79,unknown,266.84,174.401,266.992,174.618
6,79,unknown,266.84,174.461,266.992,174.618
6,79,unknown,266.84,174.518,266.992,174.618
6,79,unknown,266.84,174.57,266.992,174.618
6,79,unknown,266.84,174.624,266.992,174.618
6,79,unknown,266.84,174.687,266.992,174.618
6,79,unknown,266.84,174.74,266.992,174.618
6,79,unknown,266.84,174.801,266.992,174.618
6,79,unknown,266.84,174.858,266.992,174.618
6,79,unknown,266.84,174.917,266.992,174.618
6,79,unknown,266.84,174.975,266.992,174.618
6,79,unknown,266.84,175.036,266.992,174.618
6,79,unknown,266.84,175.096,266.992,174.618
6,79,unknown,266.84,175.152,266.992,174.618
6,79,unknown,266.84,175.21,266.992,174.618
6,79,unknown,266.84,175.268,266.992,174.618
6,79,unknown,266.84,175.331,266.992,174.618
6,79,unknown,266.84,174.218,266.913,175.051
6,79,unknown,266.84,174.278,266.913,175.051
6,79,unknown,266.84,174.337,266.913,175.051
6,79,unknown,266.84,174.401,266.913,175.051
6,79,unknown,266.84,174.461,266.913,175.051
6,79,unknown,266.84,174.518,266.913,175.051
6,79,unknown,266.84,174.57,266.913,175.051
6,79,unknown,266.84,174.624,266.913,175.051
6,79,unknown,266.84,174.687,266.913,175.051
6,79,unknown,266.84,174.74,266.913,175.051
6,79,unknown,266.84,174.801,266.913,175.051
6,79,unknown,266.84,174.858,266.913,175.051
6,79,unknown,266.84,174.917,266.913,175.051
6,79,unknown,266.84,174.975,266.913,175.051
6,79,unknown,266.84,175.036,266.913,175.051
6,79,unknown,266.84,175.096,266.913,175.051
6,79,unknown,266.84,175.152,266.913,175.051
6,79,unknown,266.84,175.21,266.913,175.051
6,79,unknown,266.84,175.268,266.913,175.051
6,79,unknown,266.84,175.331,266.913,175.051
6,79,unknown,266.84,174.218,266.887,175.047
6,79,unknown,266.84,174.278,266.887,175.047
6,79,unknown,266.84,174.337,266.887,175.047
6,79,unknown,266.84,174.401,266.887,175.047
6,79,unknown,266.84,174.461,266.887,175.047
6,79,unknown,266.84,174.518,266.887,175.047
6,79,unknown,266.84,174.57,266.887,175.047
6,79,unknown,266.84,174.624,266.887,175.047
6,79,unknown,266.84,174.687,266.887,175.047
6,79,unknown,266.84,174.74,266.887,175.047
6,79,unknown,266.84,174.801,266.887,175.047
6,79,unknown,266.84,174.858,266.887,175.047
6,79,unknown,266.84,174.917,266.887,175.047
6,79,unknown,266.84,174.975,266.887,175.047
6,79,unknown,266.84,175.036,266.887,175.047
6,79,unknown,266.84,175.096,266.887,175.047
6,79,unknown,266.84,175.152,266.887,175.047
6,79,unknown,266.84,175.21,266.887,175.047
6,79,unknown,266.84,175.268,266.887,175.047
6,79,unknown,266.84,175.331,266.887,175.047
6,79,unknown,266.84,174.218,266.886,175.047
6,79,unknown,266.84,174.278,266.886,175.047
6,79,unknown,266.84,174.337,266.886,175.047
6,79,unknown,266.84,174.401,266.886,175.047
6,79,unknown,266.84,174.461,266.886,175.047
6,79,unknown,266.84,174.518,266.886,175.047
6,79,unknown,266.84,174.57,266.886,175.047
6,79,unknown,266.84,174.624,266.886,175.047
6,79,unknown,266.84,174.687,266.886,175.047
6,79,unknown,266.84,174.74,266.886,175.047
6,79,unknown,266.84,174.801,266.886,175.047
6,79,unknown,266.84,174.858,266.886,175.047
6,79,unknown,266.84,174.917,266.886,175.047
6,79,unknown,266.84,174.975,266.886,175.047
6,79,unknown,266.84,175.036,266.886,175.047
6,79,unknown,266.84,175.096,266.886,175.047
6,79,unknown,266.84,175.152,266.886,175.047
6,79,unknown,266.84,175.21,266.886,175.047
6,79,unknown,266.84,175.268,266.886,175.047
6,79,unknown,266.84,175.331,266.886,175.047
6,79,unknown,266.84,174.218,266.895,175.048
6,79,unknown,266.84,174.278,266.895,175.048
6,79,unknown,266.84,174.337,266.895,175.048
6,79,unknown,266.84,174.401,266.895,175.048
6,79,unknown,266.84,174.461,266.895,175.048
6,79,unknown,266.84,174.518,266.895,175.048
6,79,unknown,266.84,174.57,266.895,175.048
6,79,unknown,266.84,174.624,266.895,175.048
6,79,unknown,266.84,174.687,266.895,175.048
6,79,unknown,266.84,174.74,266.895,175.048
6,79,unknown,266.84,174.801,266.895,175.048
6,79,unknown,266.84,174.858,266.895,175.048
6,79,unknown,266.84,174.917,266.895,175.048
6,79,unknown,266.84,174.975,266.895,175.048
6,79,unknown,266.84,175.036,266.895,175.048
6,79,unknown,266.84,175.096,266.895,175.048
6,79,unknown,266.84,175.152,266.895,175.048
6,79,unknown,266.84,175.21,266.895,175.048
6,79,unknown,266.84,175.268,266.895,175.048
6,79,unknown,266.84,175.331,266.895,175.048
6,79,unknown,266.84,174.218,266.895,175.048
6,79,unknown,266.84,174.278,266.895,175.048
6,79,unknown,266.84,174.337,266.895,175.048
6,79,unknown,266.84,174.401,266.895,175.048
6,79,unknown,266.84,174.461,266.895,175.048
6,79,unknown,266.84,174.518,266.895,175.048
6,79,unknown,266.84,174.57,266.895,175.048
6,79,unknown,266.84,174.624,266.895,175.048
6,79,unknown,266.84,174.687,266.895,175.048
6,79,unknown,266.84,174.74,266.895,175.048
6,79,unknown,266.84,174.801,266.895,175.048
6,79,unknown,266.84,174.858,266.895,175.048
6,79,unknown,266.84,174.917,266.895,175.048
6,79,unknown,266.84,174.975,266.895,175.048
6,79,unknown,266.84,175.036,266.895,175.048
6,79,unknown,266.84,175.096,266.895,175.048
6,79,unknown,266.84,175.152,266.895,175.048
6,79,unknown,266.84,175.21,266.895,175.048
6,79,unknown,266.84,175.268,266.895,175.048
6,79,unknown,266.84,175.331,266.895,175.048
7,79,unknown,266.84,175.385,266.964,175.058
7,79,unknown,266.84,175.442,266.964,175.058
7,79,unknown,266.84,175.496,266.964,175.058
7,79,unknown,266.84,175.549,266.964,175.058
7,79,unknown,266.84,175.607,266.964,175.058
7,79,unknown,266.84,175.672,266.964,175.058
7,79,unknown,266.84,175.724,266.964,175.058
7,79,unknown,266.84,175.778,266.964,175.058
7,79,unknown,266.84,175.837,266.964,175.058
7,79,unknown,266.84,175.89,266.964,175.058
7,79,unknown,266.84,175.953,266.964,175.058
7,79,unknown,266.84,176.014,266.964,175.058
7,79,unknown,266.84,176.068,266.964,175.058
7,79,unknown,266.84,176.127,266.964,175.058
7,79,unknown,266.84,176.188,266.964,175.058
7,79,unknown,266.84,176.253,266.964,175.058
7,79,unknown,266.84,176.31,266.964,175.058
7,79,unknown,266.84,176.363,266.964,175.058
7,79,unknown,266.84,176.428,266.964,175.058
7,79,unknown,266.84,176.487,266.964,175.058
7,79,unknown,266.84,175.385,267.101,175.077
7,79,unknown,266.84,175.442,267.101,175.077
7,79,unknown,266.84,175.496,267.101,175.077
7,79,unknown,266.84,175.549,267.101,175.077
7,79,unknown,266.84,175.607,267.101,175.077
7,79,unknown,266.84,175.672,267.101,175.077
7,79,unknown,266.84,175.724,267.101,175.077
7,79,unknown,266.84,175.778,267.101,175.077
7,79,unknown,266.84,175.837,267.101,175.077
7,79,unknown,266.84,175.89,267.101,175.077
7,79,unknown,266.84,175.953,267.101,175.077
7,79,unknown,266.84,176.014,267.101,175.077
7,79,unknown,266.84,176.068,267.101,175.077
7,79,unknown,266.84,176.127,267.101,175.077
7,79,unknown,266.84,176.188,267.101,175.077
7,79,unknown,266.84,176.253,267.101,175.077
7,79,unknown,266.84,176.31,267.101,175.077
7,79,unknown,266.84,176.363,267.101,175.077
7,79,unknown,266.84,176.428,267.101,175.077
7,79,unknown,266.84,176.487,267.101,175.077
7,79,unknown,266.84,175.385,266.841,175.549
7,79,unknown,266.84,175.442,266.841,175.549
7,79,unknown,266.84,175.496,266.841,175.549
7,79,unknown,266.84,175.549,266.841,175.549
7,79,unknown,266.84,175.607,266.841,175.549
7,79,unknown,266.84,175.672,266.841,175.549
7,79,unknown,266.84,175.724,266.841,175.549
7,79,unknown,266.84,175.778,266.841,175.549
7,79,unknown,266.84,175.837,266.841,175.549
7,79,unknown,266.84,175.89,266.841,175.549
7,79,unknown,266.84,175.953,266.841,175.549
7,79,unknown,266.84,176.014,266.841,175.549
7,79,unknown,266.84,176.068,266.841,175.549
7,79,unknown,266.84,176.127,266.841,175.549
7,79,unknown,266.84,176.188,266.841,175.549
7,79,unknown,266.84,176.253,266.841,175.549
7,79,unknown,266.84,176.31,266.841,175.549
7,79,unknown,266.84,176.363,266.841,175.549
7,79,unknown,266.84,176.428,266.841,175.549
7,79,unknown,266.84,176.487,266.841,175.549
7,79,unknown,266.84,175.385,266.857,175.563
7,79,unknown,266.84,175.442,266.857,175.563
7,79,unknown,266.84,175.496,266.857,175.563
7,79,unknown,266.84,175.549,266.857,175.563
7,79,unknown,266.84,175.607,266.857,175.563
7,79,unknown,266.84,175.672,266.857,175.563
7,79,unknown,266.84,175.724,266.857,175.563
7,79,unknown,266.84,175.778,266.857,175.563
7,79,unknown,266.84,175.837,266.857,175.563
7,79,unknown,266.84,175.89,266.857,175.563
7,79,unknown,266.84,175.953,266.857,175.563
7,79,unknown,266.84,176.014,266.857,175.563
7,79,unknown,266.84,176.068,266.857,175.563
7,79,unknown,266.84,176.127,266.857,175.563
7,79,unknown,266.84,176.188,266.857,175.563
7,79,unknown,266.84,176.253,266.857,175.563
7,79,unknown,266.84,176.31,266.857,175.563
7,79,unknown,266.84,176.363,266.857,175.563
7,79,unknown,266.84,176.428,266.857,175.563
7,79,unknown,266.84,176.487,266.857,175.563
7,79,unknown,266.84,175.385,266.877,175.581
7,79,unknown,266.84,175.442,266.877,175.581
7,79,unknown,266.84,175.496,266.877,175.581
7,79,unknown,266.84,175.549,266.877,175.581
7,79,unknown,266.84,175.607,266.877,175.581
7,79,unknown,266.84,175.672,266.877,175.581
7,79,unknown,266.84,175.724,266.877,175.581
7,79,unknown,266.84,175.778,266.877,175.581
7,79,unknown,266.84,175.837,266.877,175.581
7,79,unknown,266.84,175.89,266.877,175.581
7,79,unknown,266.84,175.953,266.877,175.581
7,79,unknown,266.84,176.014,266.877,175.581
7,79,unknown,266.84,176.068,266.877,175.581
7,79,unknown,266.84,176.127,266.877,175.581
7,79,unknown,266.84,176.188,266.877,175.581
7,79,unknown,266.84,176.253,266.877,175.581
7,79,unknown,266.84,176.31,266.877,175.581
7,79,unknown,266.84,176.363,266.877,175.581
7,79,unknown,266.84,176.428,266.877,175.581
7,79,unknown,266.84,176.487,266.877,175.581
7,79,unknown,266.84,175.385,266.903,175.604
7,79,unknown,266.84,175.442,266.903,175.604
7,79,unknown,266.84,175.496,266.903,175.604
7,79,unknown,266.84,175.549,266.903,175.604
7,79,unknown,266.84,175.607,266.903,175.604
7,79,unknown,266.84,175.672,266.903,175.604
7,79,unknown,266.84,175.724,266.903,175.604
7,79,unknown,266.84,175.778,266.903,175.604
7,79,unknown,266.84,175.837,266.903,175.604
7,79,unknown,266.84,175.89,266.903,175.604
7,79,unknown,266.84,175.953,266.903,175.604
7,79,unknown,266.84,176.014,266.903,175.604
7,79,unknown,266.84,176.068,266.903,175.604
7,79,unknown,266.84,176.127,266.903,175.604
7,79,unknown,266.84,176.188,266.903,175.604
7,79,unknown,266.84,176.253,266.903,175.604
7,79,unknown,266.84,176.31,266.903,175.604
7,79,unknown,266.84,176.363,266.903,175.604
7,79,unknown,266.84,176.428,266.903,175.604
7,79,unknown,266.84,176.487,266.903,175.604
7,79,unknown,266.84,175.385,266.929,175.626
7,79,unknown,266.84,175.442,266.929,175.626
7,79,unknown,266.84,175.496,266.929,175.626
7,79,unknown,266.84,175.549,266.929,175.626
7,79,unknown,266.84,175.607,266.929,175.626
7,79,unknown,266.84,175.672,266.929,175.626
7,79,unknown,266.84,175.724,266.929,175.626
7,79,unknown,266.84,175.778,266.929,175.626
7,79,unknown,266.84,175.837,266.929,175.626
7,79,unknown,266.84,175.89,266.929,175.626
7,79,unknown,266.84,175.953,266.929,175.626
7,79,unknown,266.84,176.014,266.929,175.626
7,79,unknown,266.84,176.068,266.929,175.626
7,79,unknown,266.84,176.127,266.929,175.626
7,79,unknown,266.84,176.188,266.929,175.626
7,79,unknown,266.84,176.253,266.929,175.626
7,79,unknown,266.84,176.31,266.929,175.626
7,79,unknown,266.84,176.363,266.929,175.626
7,79,unknown,266.84,176.428,266.929,175.626
7,79,unknown,266.84,176.487,266.929,175.626
7,79,unknown,266.84,175.385,266.965,175.657
7,79,unknown,266.84,175.442,266.965,175.657
7,79,unknown,266.84,175.496,266.965,175.657
7,79,unknown,266.84,175.549,266.965,175.657
7,79,unknown,266.84,175.607,266.965,175.657
7,79,unknown,266.84,175.672,266.965,175.657
7,79,unknown,266.84,175.724,266.965,175.657
7,79,unknown,266.84,175.778,266.965,175.657
7,79,unknown,266.84,175.837,266.965,175.657
7,79,unknown,266.84,175.89,266.965,175.657
7,79,unknown,266.84,175.953,266.965,175.657
7,79,unknown,266.84,176.014,266.965,175.657
7,79,unknown,266.84,176.068,266.965,175.657
7,79,unknown,266.84,176.127,266.965,175.657
7,79,unknown,266.84,176.188,266.965,175.657
7,79,unknown,266.84,176.253,266.965,175.657
7,79,unknown,266.84,176.31,266.965,175.657
7,79,unknown,266.84,176.363,266.965,175.657
7,79,unknown,266.84,176.428,266.965,175.657
7,79,unknown,266.84,176.487,266.965,175.657
7,79,unknown,266.84,175.385,267.002,175.689
7,79,unknown,266.84,175.442,267.002,175.689
7,79,unknown,266.84,175.496,267.002,175.689
7,79,unknown,266.84,175.549,267.002,175.689
7,79,unknown,266.84,175.607,267.002,175.689
7,79,unknown,266.84,175.672,267.002,175.689
7,79,unknown,266.84,175.724,267.002,175.689
7,79,unknown,266.84,175.778,267.002,175.689
7,79,unknown,266.84,175.837,267.002,175.689
7,79,unknown,266.84,175.89,267.002,175.689
7,79,unknown,266.84,175.953,267.002,175.689
7,79,unknown,266.84,176.014,267.002,175.689
7,79,unknown,266.84,176.068,267.002,175.689
7,79,unknown,266.84,176.127,267.002,175.689
7,79,unknown,266.84,176.188,267.002,175.689
7,79,unknown,266.84,176.253,267.002,175.689
7,79,unknown,266.84,176.31,267.002,175.689
7,79,unknown,266.84,176.363,267.002,175.689
7,79,unknown,266.84,176.428,267.002,175.689
7,79,unknown,266.84,176.487,267.002,175.689
7,79,unknown,266.84,175.385,267.047,175.728
7,79,unknown,266.84,175.442,267.047,175.728
7,79,unknown,266.84,175.496,267.047,175.728
7,79,unknown,266.84,175.549,267.047,175.728
7,79,unknown,266.84,175.607,267.047,175.728
7,79,unknown,266.84,175.672,267.047,175.728
7,79,unknown,266.84,175.724,267.047,175.728
7,79,unknown,266.84,175.778,267.047,175.728
7,79,unknown,266.84,175.837,267.047,175.728
7,79,unknown,266.84,175.89,267.047,175.728
7,79,unknown,266.84,175.953,267.047,175.728
7,79,unknown,266.84,176.014,267.047,175.728
7,79,unknown,266.84,176.068,267.047,175.728
7,79,unknown,266.84,176.127,267.047,175.728
7,79,unknown,266.84,176.188,267.047,175.728
7,79,unknown,266.84,176.253,267.047,175.728
7,79,unknown,266.84,176.31,267.047,175.728
7,79,unknown,266.84,176.363,267.047,175.728
7,79,unknown,266.84,176.428,267.047,175.728
7,79,unknown,266.84,176.487,267.047,175.728
7,79,unknown,266.84,175.385,267.115,175.787
7,79,unknown,266.84,175.442,267.115,175.787
7,79,unknown,266.84,175.496,267.115,175.787
7,79,unknown,266.84,175.549,267.115,175.787
7,79,unknown,266.84,175.607,267.115,175.787
7,79,unknown,266.84,175.672,267.115,175.787
7,79,unknown,266.84,175.724,267.115,175.787
7,79,unknown,266.84,175.778,267.115,175.787
7,79,unknown,266.84,175.837,267.115,175.787
7,79,unknown,266.84,175.89,267.115,175.787
7,79,unknown,266.84,175.953,267.115,175.787
7,79,unknown,266.84,176.014,267.115,175.787
7,79,unknown,266.84,176.068,267.115,175.787
7,79,unknown,266.84,176.127,267.115,175.787
7,79,unknown,266.84,176.188,267.115,175.787
7,79,unknown,266.84,176.253,267.115,175.787
7,79,unknown,266.84,176.31,267.115,175.787
7,79,unknown,266.84,176.363,267.115,175.787
7,79,unknown,266.84,176.428,267.115,175.787
7,79,unknown,266.84,176.487,267.115,175.787
7,79,unknown,266.84,175.385,267.169,175.835
7,79,unknown,266.84,175.442,267.169,175.835
7,79,unknown,266.84,175.496,267.169,175.835
7,79,unknown,266.84,175.549,267.169,175.835
7,79,unknown,266.84,175.607,267.169,175.835
7,79,unknown,266.84,175.672,267.169,175.835
7,79,unknown,266.84,175.724,267.169,175.835
7,79,unknown,266.84,175.778,267.169,175.835
7,79,unknown,266.84,175.837,267.169,175.835
7,79,unknown,266.84,175.89,267.169,175.835
7,79,unknown,266.84,175.953,267.169,175.835
7,79,unknown,266.84,176.014,267.169,175.835
7,79,unknown,266.84,176.068,267.169,175.835
7,79,unknown,266.84,176.127,267.169,175.835
7,79,unknown,266.84,176.188,267.169,175.835
7,79,unknown,266.84,176.253,267.169,175.835
7,79,unknown,266.84,176.31,267.169,175.835
7,79,unknown,266.84,176.363,267.169,175.835
7,79,unknown,266.84,176.428,267.169,175.835
7,79,unknown,266.84,176.487,267.169,175.835
7,79,unknown,266.84,175.385,267.211,175.871
7,79,unknown,266.84,175.442,267.211,175.871
7,79,unknown,266.84,175.496,267.211,175.871
7,79,unknown,266.84,175.549,267.211,175.871
7,79,unknown,266.84,175.607,267.211,175.871
7,79,unknown,266.84,175.672,267.211,175.871
7,79,unknown,266.84,175.724,267.211,175.871
7,79,unknown,266.84,175.778,267.211,175.871
7,79,unknown,266.84,175.837,267.211,175.871
7,79,unknown,266.84,175.89,267.211,175.871
7,79,unknown,266.84,175.953,267.211,175.871
7,79,unknown,266.84,176.014,267.211,175.871
7,79,unknown,266.84,176.068,267.211,175.871
7,79,unknown,266.84,176.127,267.211,175.871
7,79,unknown,266.84,176.188,267.211,175.871
7,79,unknown,266.84,176.253,267.211,175.871
7,79,unknown,266.84,176.31,267.211,175.871
7,79,unknown,266.84,176.363,267.211,175.871
7,79,unknown,266.84,176.428,267.211,175.871
7,79,unknown,266.84,176.487,267.211,175.871
7,79,unknown,266.84,175.385,267.265,175.918
7,79,unknown,266.84,175.442,267.265,175.918
7,79,unknown,266.84,175.496,267.265,175.918
7,79,unknown,266.84,175.549,267.265,175.918
7,79,unknown,266.84,175.607,267.265,175.918
7,79,unknown,266.84,175.672,267.265,175.918
7,79,unknown,266.84,175.724,267.265,175.918
7,79,unknown,266.84,175.778,267.265,175.918
7,79,unknown,266.84,175.837,267.265,175.918
7,79,unknown,266.84,175.89,267.265,175.918
7,79,unknown,266.84,175.953,267.265,175.918
7,79,unknown,266.84,176.014,267.265,175.918
7,79,unknown,266.84,176.068,267.265,175.918
7,79,unknown,266.84,176.127,267.265,175.918
7,79,unknown,266.84,176.188,267.265,175.918
7,79,unknown,266.84,176.253,267.265,175.918
7,79,unknown,266.84,176.31,267.265,175.918
7,79,unknown,266.84,176.363,267.265,175.918
7,79,unknown,266.84,176.428,267.265,175.918
7,79,unknown,266.84,176.487,267.265,175.918
7,79,unknown,266.84,175.385,266.721,176.244
7,79,unknown,266.84,175.442,266.721,176.244
7,79,unknown,266.84,175.496,266.721,176.244
7,79,unknown,266.84,175.549,266.721,176.244
7,79,unknown,266.84,175.607,266.721,176.244
7,79,unknown,266.84,175.672,266.721,176.244
7,79,unknown,266.84,175.724,266.721,176.244
7,79,unknown,266.84,175.778,266.721,176.244
7,79,unknown,266.84,175.837,266.721,176.244
7,79,unknown,266.84,175.89,266.721,176.244
7,79,unknown,266.84,175.953,266.721,176.244
7,79,unknown,266.84,176.014,266.721,176.244
7,79,unknown,266.84,176.068,266.721,176.244
7,79,unknown,266.84,176.127,266.721,176.244
7,79,unknown,266.84,176.188,266.721,176.244
7,79,unknown,266.84,176.253,266.721,176.244
7,79,unknown,266.84,176.31,266.721,176.244
7,79,unknown,266.84,176.363,266.721,176.244
7,79,unknown,266.84,176.428,266.721,176.244
7,79,unknown,266.84,176.487,266.721,176.244
7,79,unknown,266.84,175.385,266.726,176.268
7,79,unknown,266.84,175.442,266.726,176.268
7,79,unknown,266.84,175.496,266.726,176.268
7,79,unknown,266.84,175.549,266.726,176.268
7,79,unknown,266.84,175.607,266.726,176.268
7,79,unknown,266.84,175.672,266.726,176.268
7,79,unknown,266.84,175.724,266.726,176.268
7,79,unknown,266.84,175.778,266.726,176.268
7,79,unknown,266.84,175.837,266.726,176.268
7,79,unknown,266.84,175.89,266.726,176.268
7,79,unknown,266.84,175.953,266.726,176.268
7,79,unknown,266.84,176.014,266.726,176.268
7,79,unknown,266.84,176.068,266.726,176.268
7,79,unknown,266.84,176.127,266.726,176.268
7,79,unknown,266.84,176.188,266.726,176.268
7,79,unknown,266.84,176.253,266.726,176.268
7,79,unknown,266.84,176.31,266.726,176.268
7,79,unknown,266.84,176.363,266.726,176.268
7,79,unknown,266.84,176.428,266.726,176.268
7,79,unknown,266.84,176.487,266.726,176.268
7,79,unknown,266.84,175.385,266.735,176.308
7,79,unknown,266.84,175.442,266.735,176.308
7,79,unknown,266.84,175.496,266.735,176.308
7,79,unknown,266.84,175.549,266.735,176.308
7,79,unknown,266.84,175.607,266.735,176.308
7,79,unknown,266.84,175.672,266.735,176.308
7,79,unknown,266.84,175.724,266.735,176.308
7,79,unknown,266.84,175.778,266.735,176.308
7,79,unknown,266.84,175.837,266.735,176.308
7,79,unknown,266.84,175.89,266.735,176.308
7,79,unknown,266.84,175.953,266.735,176.308
7,79,unknown,266.84,176.014,266.735,176.308
7,79,unknown,266.84,176.068,266.735,176.308
7,79,unknown,266.84,176.127,266.735,176.308
7,79,unknown,266.84,176.188,266.735,176.308
7,79,unknown,266.84,176.253,266.735,176.308
7,79,unknown,266.84,176.31,266.735,176.308
7,79,unknown,266.84,176.363,266.735,176.308
7,79,unknown,266.84,176.428,266.735,176.308
7,79,unknown,266.84,176.487,266.735,176.308
8,79,unknown,266.84,176.54,266.744,176.352
8,79,unknown,266.84,176.6,266.744,176.352
8,79,unknown,266.84,176.663,266.744,176.352
8,79,unknown,266.84,176.717,266.744,176.352
8,79,unknown,266.84,176.772,266.744,176.352
8,79,unknown,266.84,176.832,266.744,176.352
8,79,unknown,266.84,176.884,266.744,176.352
8,79,unknown,266.84,176.943,266.744,176.352
8,79,unknown,266.84,176.996,266.744,176.352
8,79,unknown,266.84,177.051,266.744,176.352
8,79,unknown,266.84,177.11,266.744,176.352
8,79,unknown,266.84,177.164,266.744,176.352
8,79,unknown,266.84,177.224,266.744,176.352
8,79,unknown,266.84,177.287,266.744,176.352
8,79,unknown,266.84,177.35,266.744,176.352
8,79,unknown,266.84,177.409,266.744,176.352
8,79,unknown,266.84,177.47,266.744,176.352
8,79,unknown,266.84,177.526,266.744,176.352
8,79,unknown,266.84,177.585,266.744,176.352
8,79,unknown,266.84,177.646,266.744,176.352
8,79,unknown,266.84,176.54,266.744,176.352
8,79,unknown,266.84,176.6,266.744,176.352
8,79,unknown,266.84,176.663,266.744,176.352
8,79,unknown,266.84,176.717,266.744,176.352
8,79,unknown,266.84,176.772,266.744,176.352
8,79,unknown,266.84,176.832,266.744,176.352
8,79,unknown,266.84,176.884,266.744,176.352
8,79,unknown,266.84,176.943,266.744,176.352
8,79,unknown,266.84,176.996,266.744,176.352
8,79,unknown,266.84,177.051,266.744,176.352
8,79,unknown,266.84,177.11,266.744,176.352
8,79,unknown,266.84,177.164,266.744,176.352
8,79,unknown,266.84,177.224,266.744,176.352
8,79,unknown,266.84,177.287,266.744,176.352
8,79,unknown,266.84,177.35,266.744,176.352
8,79,unknown,266.84,177.409,266.744,176.352
8,79,unknown,266.84,177.47,266.744,176.352
8,79,unknown,266.84,177.526,266.744,176.352
8,79,unknown,266.84,177.585,266.744,176.352
8,79,unknown,266.84,177.646,266.744,176.352
8,79,unknown,266.84,176.54,266.768,176.463
8,79,unknown,266.84,176.6,266.768,176.463
8,79,unknown,266.84,176.663,266.768,176.463
8,79,unknown,266.84,176.717,266.768,176.463
8,79,unknown,266.84,176.772,266.768,176.463
8,79,unknown,266.84,176.832,266.768,176.463
8,79,unknown,266.84,176.884,266.768,176.463
8,79,unknown,266.84,176.943,266.768,176.463
8,79,unknown,266.84,176.996,266.768,176.463
8,79,unknown,266.84,177.051,266.768,176.463
8,79,unknown,266.84,177.11,266.768,176.463
8,79,unknown,266.84,177.164,266.768,176.463
8,79,unknown,266.84,177.224,266.768,176.463
8,79,unknown,266.84,177.287,266.768,176.463
8,79,unknown,266.84,177.35,266.768,176.463
8,79,unknown,266.84,177.409,266.768,176.463
8,79,unknown,266.84,177.47,266.768,176.463
8,79,unknown,266.84,177.526,266.768,176.463
8,79,unknown,266.84,177.585,266.768,176.463
8,79,unknown,266.84,177.646,266.768,176.463
8,79,unknown,266.84,176.54,266.778,176.511
8,79,unknown,266.84,176.6,266.778,176.511
8,79,unknown,266.84,176.663,266.778,176.511
8,79,unknown,266.84,176.717,266.778,176.511
8,79,unknown,266.84,176.772,266.778,176.511
8,79,unknown,266.84,176.832,266.778,176.511
8,79,unknown,266.84,176.884,266.778,176.511
8,79,unknown,266.84,176.943,266.778,176.511
8,79,unknown,266.84,176.996,266.778,176.511
8,79,unknown,266.84,177.051,266.778,176.511
8,79,unknown,266.84,177.11,266.778,176.511
8,79,unknown,266.84,177.164,266.778,176.511
8,79,unknown,266.84,177.224,266.778,176.511
8,79,unknown,266.84,177.287,266.778,176.511
8,79,unknown,266.84,177.35,266.778,176.511
8,79,unknown,266.84,177.409,266.778,176.511
8,79,unknown,266.84,177.47,266.778,176.511
8,79,unknown,266.84,177.526,266.778,176.511
8,79,unknown,266.84,177.585,266.778,176.511
8,79,unknown,266.84,177.646,266.778,176.511
8,79,unknown,266.84,176.54,266.778,176.511
8,79,unknown,266.84,176.6,266.778,176.511
8,79,unknown,266.84,176.663,266.778,176.511
8,79,unknown,266.84,176.717,266.778,176.511
8,79,unknown,266.84,176.772,266.778,176.511
8,79,unknown,266.84,176.832,266.778,176.511
8,79,unknown,266.84,176.884,266.778,176.511
8,79,unknown,266.84,176.943,266.778,176.511
8,79,unknown,266.84,176.996,266.778,176.511
8,79,unknown,266.84,177.051,266.778,176.511
8,79,unknown,266.84,177.11,266.778,176.511
8,79,unknown,266.84,177.164,266.778,176.511
8,79,unknown,266.84,177.224,266.778,176.511
8,79,unknown,266.84,177.287,266.778,176.511
8,79,unknown,266.84,177.35,266.778,176.511
8,79,unknown,266.84,177.409,266.778,176.511
8,79,unknown,266.84,177.47,266.778,176.511
8,79,unknown,266.84,177.526,266.778,176.511
8,79,unknown,266.84,177.585,266.778,176.511
8,79,unknown,266.84,177.646,266.778,176.511
8,79,unknown,266.84,176.54,266.801,176.617
8,79,unknown,266.84,176.6,266.801,176.617
8,79,unknown,266.84,176.663,266.801,176.617
8,79,unknown,266.84,176.717,266.801,176.617
8,79,unknown,266.84,176.772,266.801,176.617
8,79,unknown,266.84,176.832,266.801,176.617
8,79,unknown,266.84,176.884,266.801,176.617
8,79,unknown,266.84,176.943,266.801,176.617
8,79,unknown,266.84,176.996,266.801,176.617
8,79,unknown,266.84,177.051,266.801,176.617
8,79,unknown,266.84,177.11,266.801,176.617
8,79,unknown,266.84,177.164,266.801,176.617
8,79,unknown,266.84,177.224,266.801,176.617
8,79,unknown,266.84,177.287,266.801,176.617
8,79,unknown,266.84,177.35,266.801,176.617
8,79,unknown,266.84,177.409,266.801,176.617
8,79,unknown,266.84,177.47,266.801,176.617
8,79,unknown,266.84,177.526,266.801,176.617
8,79,unknown,266.84,177.585,266.801,176.617
8,79,unknown,266.84,177.646,266.801,176.617
8,79,unknown,266.84,176.54,266.81,176.661
8,79,unknown,266.84,176.6,266.81,176.661
8,79,unknown,266.84,176.663,266.81,176.661
8,79,unknown,266.84,176.717,266.81,176.661
8,79,unknown,266.84,176.772,266.81,176.661
8,79,unknown,266.84,176.832,266.81,176.661
8,79,unknown,266.84,176.884,266.81,176.661
8,79,unknown,266.84,176.943,266.81,176.661
8,79,unknown,266.84,176.996,266.81,176.661
8,79,unknown,266.84,177.051,266.81,176.661
8,79,unknown,266.84,177.11,266.81,176.661
8,79,unknown,266.84,177.164,266.81,176.661
8,79,unknown,266.84,177.224,266.81,176.661
8,79,unknown,266.84,177.287,266.81,176.661
8,79,unknown,266.84,177.35,266.81,176.661
8,79,unknown,266.84,177.409,266.81,176.661
8,79,unknown,266.84,177.47,266.81,176.661
8,79,unknown,266.84,177.526,266.81,176.661
8,79,unknown,266.84,177.585,266.81,176.661
8,79,unknown,266.84,177.646,266.81,176.661
8,79,unknown,266.84,176.54,266.822,176.716
8,79,unknown,266.84,176.6,266.822,176.716
8,79,unknown,266.84,176.663,266.822,176.716
8,79,unknown,266.84,176.717,266.822,176.716
8,79,unknown,266.84,176.772,266.822,176.716
8,79,unknown,266.84,176.832,266.822,176.716
8,79,unknown,266.84,176.884,266.822,176.716
8,79,unknown,266.84,176.943,266.822,176.716
8,79,unknown,266.84,176.996,266.822,176.716
8,79,unknown,266.84,177.051,266.822,176.716
8,79,unknown,266.84,177.11,266.822,176.716
8,79,unknown,266.84,177.164,266.822,176.716
8,79,unknown,266.84,177.224,266.822,176.716
8,79,unknown,266.84,177.287,266.822,176.716
8,79,unknown,266.84,177.35,266.822,176.716
8,79,unknown,266.84,177.409,266.822,176.716
8,79,unknown,266.84,177.47,266.822,176.716
8,79,unknown,266.84,177.526,266.822,176.716
8,79,unknown,266.84,177.585,266.822,176.716
8,79,unknown,266.84,177.646,266.822,176.716
8,79,unknown,266.84,176.54,266.833,176.768
8,79,unknown,266.84,176.6,266.833,176.768
8,79,unknown,266.84,176.663,266.833,176.768
8,79,unknown,266.84,176.717,266.833,176.768
8,79,unknown,266.84,176.772,266.833,176.768
8,79,unknown,266.84,176.832,266.833,176.768
8,79,unknown,266.84,176.884,266.833,176.768
8,79,unknown,266.84,176.943,266.833,176.768
8,79,unknown,266.84,176.996,266.833,176.768
8,79,unknown,266.84,177.051,266.833,176.768
8,79,unknown,266.84,177.11,266.833,176.768
8,79,unknown,266.84,177.164,266.833,176.768
8,79,unknown,266.84,177.224,266.833,176.768
8,79,unknown,266.84,177.287,266.833,176.768
8,79,unknown,266.84,177.35,266.833,176.768
8,79,unknown,266.84,177.409,266.833,176.768
8,79,unknown,266.84,177.47,266.833,176.768
8,79,unknown,266.84,177.526,266.833,176.768
8,79,unknown,266.84,177.585,266.833,176.768
8,79,unknown,266.84,177.646,266.833,176.768
8,79,unknown,266.84,176.54,266.843,176.819
8,79,unknown,266.84,176.6,266.843,176.819
8,79,unknown,266.84,176.663,266.843,176.819
8,79,unknown,266.84,176.717,266.843,176.819
8,79,unknown,266.84,176.772,266.843,176.819
8,79,unknown,266.84,176.832,266.843,176.819
8,79,unknown,266.84,176.884,266.843,176.819
8,79,unknown,266.84,176.943,266.843,176.819
8,79,unknown,266.84,176.996,266.843,176.819
8,79,unknown,266.84,177.051,266.843,176.819
8,79,unknown,266.84,177.11,266.843,176.819
8,79,unknown,266.84,177.164,266.843,176.819
8,79,unknown,266.84,177.224,266.843,176.819
8,79,unknown,266.84,177.287,266.843,176.819
8,79,unknown,266.84,177.35,266.843,176.819
8,79,unknown,266.84,177.409,266.843,176.819
8,79,unknown,266.84,177.47,266.843,176.819
8,79,unknown,266.84,177.526,266.843,176.819
8,79,unknown,266.84,177.585,266.843,176.819
8,79,unknown,266.84,177.646,266.843,176.819
8,79,unknown,266.84,176.54,266.855,176.872
8,79,unknown,266.84,176.6,266.855,176.872
8,79,unknown,266.84,176.663,266.855,176.872
8,79,unknown,266.84,176.717,266.855,176.872
8,79,unknown,266.84,176.772,266.855,176.872
8,79,unknown,266.84,176.832,266.855,176.872
8,79,unknown,266.84,176.884,266.855,176.872
8,79,unknown,266.84,176.943,266.855,176.872
8,79,unknown,266.84,176.996,266.855,176.872
8,79,unknown,266.84,177.051,266.855,176.872
8,79,unknown,266.84,177.11,266.855,176.872
8,79,unknown,266.84,177.164,266.855,176.872
8,79,unknown,266.84,177.224,266.855,176.872
8,79,unknown,266.84,177.287,266.855,176.872
8,79,unknown,266.84,177.35,266.855,176.872
8,79,unknown,266.84,177.409,266.855,176.872
8,79,unknown,266.84,177.47,266.855,176.872
8,79,unknown,266.84,177.526,266.855,176.872
8,79,unknown,266.84,177.585,266.855,176.872
8,79,unknown,266.84,177.646,266.855,176.872
8,79,unknown,266.84,176.54,266.865,176.921
8,79,unknown,266.84,176.6,266.865,176.921
8,79,unknown,266.84,176.663,266.865,176.921
8,79,unknown,266.84,176.717,266.865,176.921
8,79,unknown,266.84,176.772,266.865,176.921
8,79,unknown,266.84,176.832,266.865,176.921
8,79,unknown,266.84,176.884,266.865,176.921
8,79,unknown,266.84,176.943,266.865,176.921
8,79,unknown,266.84,176.996,266.865,176.921
8,79,unknown,266.84,177.051,266.865,176.921
8,79,unknown,266.84,177.11,266.865,176.921
8,79,unknown,266.84,177.164,266.865,176.921
8,79,unknown,266.84,177.224,266.865,176.921
8,79,unknown,266.84,177.287,266.865,176.921
8,79,unknown,266.84,177.35,266.865,176.921
8,79,unknown,266.84,177.409,266.865,176.921
8,79,unknown,266.84,177.47,266.865,176.921
8,79,unknown,266.84,177.526,266.865,176.921
8,79,unknown,266.84,177.585,266.865,176.921
8,79,unknown,266.84,177.646,266.865,176.921
8,79,unknown,266.84,176.54,266.865,176.921
8,79,unknown,266.84,176.6,266.865,176.921
8,79,unknown,266.84,176.663,266.865,176.921
8,79,unknown,266.84,176.717,266.865,176.921
8,79,unknown,266.84,176.772,266.865,176.921
8,79,unknown,266.84,176.832,266.865,176.921
8,79,unknown,266.84,176.884,266.865,176.921
8,79,unknown,266.84,176.943,266.865,176.921
8,79,unknown,266.84,176.996,266.865,176.921
8,79,unknown,266.84,177.051,266.865,176.921
8,79,unknown,266.84,177.11,266.865,176.921
8,79,unknown,266.84,177.164,266.865,176.921
8,79,unknown,266.84,177.224,266.865,176.921
8,79,unknown,266.84,177.287,266.865,176.921
8,79,unknown,266.84,177.35,266.865,176.921
8,79,unknown,266.84,177.409,266.865,176.921
8,79,unknown,266.84,177.47,266.865,176.921
8,79,unknown,266.84,177.526,266.865,176.921
8,79,unknown,266.84,177.585,266.865,176.921
8,79,unknown,266.84,177.646,266.865,176.921
8,79,unknown,266.84,176.54,266.891,177.042
8,79,unknown,266.84,176.6,266.891,177.042
8,79,unknown,266.84,176.663,266.891,177.042
8,79,unknown,266.84,176.717,266.891,177.042
8,79,unknown,266.84,176.772,266.891,177.042
8,79,unknown,266.84,176.832,266.891,177.042
8,79,unknown,266.84,176.884,266.891,177.042
8,79,unknown,266.84,176.943,266.891,177.042
8,79,unknown,266.84,176.996,266.891,177.042
8,79,unknown,266.84,177.051,266.891,177.042
8,79,unknown,266.84,177.11,266.891,177.042
8,79,unknown,266.84,177.164,266.891,177.042
8,79,unknown,266.84,177.224,266.891,177.042
8,79,unknown,266.84,177.287,266.891,177.042
8,79,unknown,266.84,177.35,266.891,177.042
8,79,unknown,266.84,177.409,266.891,177.042
8,79,unknown,266.84,177.47,266.891,177.042
8,79,unknown,266.84,177.526,266.891,177.042
8,79,unknown,266.84,177.585,266.891,177.042
8,79,unknown,266.84,177.646,266.891,177.042
8,79,unknown,266.84,176.54,266.903,177.1
8,79,unknown,266.84,176.6,266.903,177.1
8,79,unknown,266.84,176.663,266.903,177.1
8,79,unknown,266.84,176.717,266.903,177.1
8,79,unknown,266.84,176.772,266.903,177.1
8,79,unknown,266.84,176.832,266.903,177.1
8,79,unknown,266.84,176.884,266.903,177.1
8,79,unknown,266.84,176.943,266.903,177.1
8,79,unknown,266.84,176.996,266.903,177.1
8,79,unknown,266.84,177.051,266.903,177.1
8,79,unknown,266.84,177.11,266.903,177.1
8,79,unknown,266.84,177.164,266.903,177.1
8,79,unknown,266.84,177.224,266.903,177.1
8,79,unknown,266.84,177.287,266.903,177.1
8,79,unknown,266.84,177.35,266.903,177.1
8,79,unknown,266.84,177.409,266.903,177.1
8,79,unknown,266.84,177.47,266.903,177.1
8,79,unknown,266.84,177.526,266.903,177.1
8,79,unknown,266.84,177.585,266.903,177.1
8,79,unknown,266.84,177.646,266.903,177.1
8,79,unknown,266.84,176.54,266.915,177.154
8,79,unknown,266.84,176.6,266.915,177.154
8,79,unknown,266.84,176.663,266.915,177.154
8,79,unknown,266.84,176.717,266.915,177.154
8,79,unknown,266.84,176.772,266.915,177.154
8,79,unknown,266.84,176.832,266.915,177.154
8,79,unknown,266.84,176.884,266.915,177.154
8,79,unknown,266.84,176.943,266.915,177.154
8,79,unknown,266.84,176.996,266.915,177.154
8,79,unknown,266.84,177.051,266.915,177.154
8,79,unknown,266.84,177.11,266.915,177.154
8,79,unknown,266.84,177.164,266.915,177.154
8,79,unknown,266.84,177.224,266.915,177.154
8,79,unknown,266.84,177.287,266.915,177.154
8,79,unknown,266.84,177.35,266.915,177.154
8,79,unknown,266.84,177.409,266.915,177.154
8,79,unknown,266.84,177.47,266.915,177.154
8,79,unknown,266.84,177.526,266.915,177.154
8,79,unknown,266.84,177.585,266.915,177.154
8,79,unknown,266.84,177.646,266.915,177.154
8,79,unknown,266.84,176.54,266.927,177.211
8,79,unknown,266.84,176.6,266.927,177.211
8,79,unknown,266.84,176.663,266.927,177.211
8,79,unknown,266.84,176.717,266.927,177.211
8,79,unknown,266.84,176.772,266.927,177.211
8,79,unknown,266.84,176.832,266.927,177.211
8,79,unknown,266.84,176.884,266.927,177.211
8,79,unknown,266.84,176.943,266.927,177.211
8,79,unknown,266.84,176.996,266.927,177.211
8,79,unknown,266.84,177.051,266.927,177.211
8,79,unknown,266.84,177.11,266.927,177.211
8,79,unknown,266.84,177.164,266.927,177.211
8,79,unknown,266.84,177.224,266.927,177.211
8,79,unknown,266.84,177.287,266.927,177.211
8,79,unknown,266.84,177.35,266.927,177.211
8,79,unknown,266.84,177.409,266.927,177.211
8,79,unknown,266.84,177.47,266.927,177.211
8,79,unknown,266.84,177.526,266.927,177.211
8,79,unknown,266.84,177.585,266.927,177.211
8,79,unknown,266.84,177.646,266.927,177.211
8,79,unknown,266.84,176.54,266.938,177.265
8,79,unknown,266.84,176.6,266.938,177.265
8,79,unknown,266.84,176.663,266.938,177.265
8,79,unknown,266.84,176.717,266.938,177.265
8,79,unknown,266.84,176.772,266.938,177.265
8,79,unknown,266.84,176.832,266.938,177.265
8,79,unknown,266.84,176.884,266.938,177.265
8,79,unknown,266.84,176.943,266.938,177.265
8,79,unknown,266.84,176.996,266.938,177.265
8,79,unknown,266.84,177.051,266.938,177.265
8,79,unknown,266.84,177.11,266.938,177.265
8,79,unknown,266.84,177.164,266.938,177.265
8,79,unknown,266.84,177.224,266.938,177.265
8,79,unknown,266.84,177.287,266.938,177.265
8,79,unknown,266.84,177.35,266.938,177.265
8,79,unknown,266.84,177.409,266.938,177.265
8,79,unknown,266.84,177.47,266.938,177.265
8,79,unknown,266.84,177.526,266.938,177.265
8,79,unknown,266.84,177.585,266.938,177.265
8,79,unknown,266.84,177.646,266.938,177.265
8,79,unknown,266.84,176.54,266.95,177.32
8,79,unknown,266.84,176.6,266.95,177.32
8,79,unknown,266.84,176.663,266.95,177.32
8,79,unknown,266.84,176.717,266.95,177.32
8,79,unknown,266.84,176.772,266.95,177.32
8,79,unknown,266.84,176.832,266.95,177.32
8,79,unknown,266.84,176.884,266.95,177.32
8,79,unknown,266.84,176.943,266.95,177.32
8,79,unknown,266.84,176.996,266.95,177.32
8,79,unknown,266.84,177.051,266.95,177.32
8,79,unknown,266.84,177.11,266.95,177.32
8,79,unknown,266.84,177.164,266.95,177.32
8,79,unknown,266.84,177.224,266.95,177.32
8,79,unknown,266.84,177.287,266.95,177.32
8,79,unknown,266.84,177.35,266.95,177.32
8,79,unknown,266.84,177.409,266.95,177.32
8,79,unknown,266.84,177.47,266.95,177.32
8,79,unknown,266.84,177.526,266.95,177.32
8,79,unknown,266.84,177.585,266.95,177.32
8,79,unknown,266.84,177.646,266.95,177.32
8,79,unknown,266.84,176.54,266.962,177.378
8,79,unknown,266.84,176.6,266.962,177.378
8,79,unknown,266.84,176.663,266.962,177.378
8,79,unknown,266.84,176.717,266.962,177.378
8,79,unknown,266.84,176.772,266.962,177.378
8,79,unknown,266.84,176.832,266.962,177.378
8,79,unknown,266.84,176.884,266.962,177.378
8,79,unknown,266.84,176.943,266.962,177.378
8,79,unknown,266.84,176.996,266.962,177.378
8,79,unknown,266.84,177.051,266.962,177.378
8,79,unknown,266.84,177.11,266.962,177.378
8,79,unknown,266.84,177.164,266.962,177.378
8,79,unknown,266.84,177.224,266.962,177.378
8,79,unknown,266.84,177.287,266.962,177.378
8,79,unknown,266.84,177.35,266.962,177.378
8,79,unknown,266.84,177.409,266.962,177.378
8,79,unknown,266.84,177.47,266.962,177.378
8,79,unknown,266.84,177.526,266.962,177.378
8,79,unknown,266.84,177.585,266.962,177.378
8,79,unknown,266.84,177.646,266.962,177.378
9,79,unknown,266.84,177.7,266.974,177.434
9,79,unknown,266.84,177.763,266.974,177.434
9,79,unknown,266.84,177.821,266.974,177.434
9,79,unknown,266.84,177.884,266.974,177.434
9,79,unknown,266.84,177.939,266.974,177.434
9,79,unknown,266.84,178.003,266.974,177.434
9,79,unknown,266.84,178.067,266.974,177.434
9,79,unknown,266.84,178.129,266.974,177.434
9,79,unknown,266.84,178.191,266.974,177.434
9,79,unknown,266.84,178.253,266.974,177.434
9,79,unknown,266.84,178.307,266.974,177.434
9,79,unknown,266.84,178.368,266.974,177.434
9,79,unknown,266.84,178.429,266.974,177.434
9,79,unknown,266.84,178.483,266.974,177.434
9,79,unknown,266.84,178.542,266.974,177.434
9,79,unknown,266.84,178.605,266.974,177.434
9,79,unknown,266.84,178.667,266.974,177.434
9,79,unknown,266.84,178.72,266.974,177.434
9,79,unknown,266.84,178.782,266.974,177.434
9,79,unknown,266.84,178.835,266.974,177.434
9,79,unknown,266.84,177.7,266.988,177.5
9,79,unknown,266.84,177.763,266.988,177.5
9,79,unknown,266.84,177.821,266.988,177.5
9,79,unknown,266.84,177.884,266.988,177.5
9,79,unknown,266.84,177.939,266.988,177.5
9,79,unknown,266.84,178.003,266.988,177.5
9,79,unknown,266.84,178.067,266.988,177.5
9,79,unknown,266.84,178.129,266.988,177.5
9,79,unknown,266.84,178.191,266.988,177.5
9,79,unknown,266.84,178.253,266.988,177.5
9,79,unknown,266.84,178.307,266.988,177.5
9,79,unknown,266.84,178.368,266.988,177.5
9,79,unknown,266.84,178.429,266.988,177.5
9,79,unknown,266.84,178.483,266.988,177.5
9,79,unknown,266.84,178.542,266.988,177.5
9,79,unknown,266.84,178.605,266.988,177.5
9,79,unknown,266.84,178.667,266.988,177.5
9,79,unknown,266.84,178.72,266.988,177.5
9,79,unknown,266.84,178.782,266.988,177.5
9,79,unknown,266.84,178.835,266.988,177.5
9,79,unknown,266.84,177.7,266.997,177.542
9,79,unknown,266.84,177.763,266.997,177.542
9,79,unknown,266.84,177.821,266.997,177.542
9,79,unknown,266.84,177.884,266.997,177.542
9,79,unknown,266.84,177.939,266.997,177.542
9,79,unknown,266.84,178.003,266.997,177.542
9,79,unknown,266.84,178.067,266.997,177.542
9,79,unknown,266.84,178.129,266.997,177.542
9,79,unknown,266.84,178.191,266.997,177.542
9,79,unknown,266.84,178.253,266.997,177.542
9,79,unknown,266.84,178.307,266.997,177.542
9,79,unknown,266.84,178.368,266.997,177.542
9,79,unknown,266.84,178.429,266.997,177.542
9,79,unknown,266.84,178.483,266.997,177.542
9,79,unknown,266.84,178.542,266.997,177.542
9,79,unknown,266.84,178.605,266.997,177.542
9,79,unknown,266.84,178.667,266.997,177.542
9,79,unknown,266.84,178.72,266.997,177.542
9,79,unknown,266.84,178.782,266.997,177.542
9,79,unknown,266.84,178.835,266.997,177.542
9,79,unknown,266.84,177.7,267.008,177.591
9,79,unknown,266.84,177.763,267.008,177.591
9,79,unknown,266.84,177.821,267.008,177.591
9,79,unknown,266.84,177.884,267.008,177.591
9,79,unknown,266.84,177.939,267.008,177.591
9,79,unknown,266.84,178.003,267.008,177.591
9,79,unknown,266.84,178.067,267.008,177.591
9,79,unknown,266.84,178.129,267.008,177.591
9,79,unknown,266.84,178.191,267.008,177.591
9,79,unknown,266.84,178.253,267.008,177.591
9,79,unknown,266.84,178.307,267.008,177.591
9,79,unknown,266.84,178.368,267.008,177.591
9,79,unknown,266.84,178.429,267.008,177.591
9,79,unknown,266.84,178.483,267.008,177.591
9,79,unknown,266.84,178.542,267.008,177.591
9,79,unknown,266.84,178.605,267.008,177.591
9,79,unknown,266.84,178.667,267.008,177.591
9,79,unknown,266.84,178.72,267.008,177.591
9,79,unknown,266.84,178.782,267.008,177.591
9,79,unknown,266.84,178.835,267.008,177.591
9,79,unknown,266.84,177.7,267.017,177.635
9,79,unknown,266.84,177.763,267.017,177.635
9,79,unknown,266.84,177.821,267.017,177.635
9,79,unknown,266.84,177.884,267.017,177.635
9,79,unknown,266.84,177.939,267.017,177.635
9,79,unknown,266.84,178.003,267.017,177.635
9,79,unknown,266.84,178.067,267.017,177.635
9,79,unknown,266.84,178.129,267.017,177.635
9,79,unknown,266.84,178.191,267.017,177.635
9,79,unknown,266.84,178.253,267.017,177.635
9,79,unknown,266.84,178.307,267.017,177.635
9,79,unknown,266.84,178.368,267.017,177.635
9,79,unknown,266.84,178.429,267.017,177.635
9,79,unknown,266.84,178.483,267.017,177.635
9,79,unknown,266.84,178.542,267.017,177.635
9,79,unknown,266.84,178.605,267.017,177.635
9,79,unknown,266.84,178.667,267.017,177.635
9,79,unknown,266.84,178.72,267.017,177.635
9,79,unknown,266.84,178.782,267.017,177.635
9,79,unknown,266.84,178.835,267.017,177.635
9,79,unknown,266.84,177.7,267.029,177.69
9,79,unknown,266.84,177.763,267.029,177.69
9,79,unknown,266.84,177.821,267.029,177.69
9,79,unknown,266.84,177.884,267.029,177.69
9,79,unknown,266.84,177.939,267.029,177.69
9,79,unknown,266.84,178.003,267.029,177.69
9,79,unknown,266.84,178.067,267.029,177.69
9,79,unknown,266.84,178.129,267.029,177.69
9,79,unknown,266.84,178.191,267.029,177.69
9,79,unknown,266.84,178.253,267.029,177.69
9,79,unknown,266.84,178.307,267.029,177.69
9,79,unknown,266.84,178.368,267.029,177.69
9,79,unknown,266.84,178.429,267.029,177.69
9,79,unknown,266.84,178.483,267.029,177.69
9,79,unknown,266.84,178.542,267.029,177.69
9,79,unknown,266.84,178.605,267.029,177.69
9,79,unknown,266.84,178.667,267.029,177.69
9,79,unknown,266.84,178.72,267.029,177.69
9,79,unknown,266.84,178.782,267.029,177.69
9,79,unknown,266.84,178.835,267.029,177.69
9,79,unknown,266.84,177.7,267.041,177.747
9,79,unknown,266.84,177.763,267.041,177.747
9,79,unknown,266.84,177.821,267.041,177.747
9,79,unknown,266.84,177.884,267.041,177.747
9,79,unknown,266.84,177.939,267.041,177.747
9,79,unknown,266.84,178.003,267.041,177.747
9,79,unknown,266.84,178.067,267.041,177.747
9,79,unknown,266.84,178.129,267.041,177.747
9,79,unknown,266.84,178.191,267.041,177.747
9,79,unknown,266.84,178.253,267.041,177.747
9,79,unknown,266.84,178.307,267.041,177.747
9,79,unknown,266.84,178.368,267.041,177.747
9,79,unknown,266.84,178.429,267.041,177.747
9,79,unknown,266.84,178.483,267.041,177.747
9,79,unknown,266.84,178.542,267.041,177.747
9,79,unknown,266.84,178.605,267.041,177.747
9,79,unknown,266.84,178.667,267.041,177.747
9,79,unknown,266.84,178.72,267.041,177.747
9,79,unknown,266.84,178.782,267.041,177.747
9,79,unknown,266.84,178.835,267.041,177.747
9,79,unknown,266.84,177.7,267.053,177.805
9,79,unknown,266.84,177.763,267.053,177.805
9,79,unknown,266.84,177.821,267.053,177.805
9,79,unknown,266.84,177.884,267.053,177.805
9,79,unknown,266.84,177.939,267.053,177.805
9,79,unknown,266.84,178.003,267.053,177.805
9,79,unknown,266.84,178.067,267.053,177.805
9,79,unknown,266.84,178.129,267.053,177.805
9,79,unknown,266.84,178.191,267.053,177.805
9,79,unknown,266.84,178.253,267.053,177.805
9,79,unknown,266.84,178.307,267.053,177.805
9,79,unknown,266.84,178.368,267.053,177.805
9,79,unknown,266.84,178.429,267.053,177.805
9,79,unknown,266.84,178.483,267.053,177.805
9,79,unknown,266.84,178.542,267.053,177.805
9,79,unknown,266.84,178.605,267.053,177.805
9,79,unknown,266.84,178.667,267.053,177.805
9,79,unknown,266.84,178.72,267.053,177.805
9,79,unknown,266.84,178.782,267.053,177.805
9,79,unknown,266.84,178.835,267.053,177.805
9,79,unknown,266.84,177.7,267.066,177.863
9,79,unknown,266.84,177.763,267.066,177.863
9,79,unknown,266.84,177.821,267.066,177.863
9,79,unknown,266.84,177.884,267.066,177.863
9,79,unknown,266.84,177.939,267.066,177.863
9,79,unknown,266.84,178.003,267.066,177.863
9,79,unknown,266.84,178.067,267.066,177.863
9,79,unknown,266.84,178.129,267.066,177.863
9,79,unknown,266.84,178.191,267.066,177.863
9,79,unknown,266.84,178.253,267.066,177.863
9,79,unknown,266.84,178.307,267.066,177.863
9,79,unknown,266.84,178.368,267.066,177.863
9,79,unknown,266.84,178.429,267.066,177.863
9,79,unknown,266.84,178.483,267.066,177.863
9,79,unknown,266.84,178.542,267.066,177.863
9,79,unknown,266.84,178.605,267.066,177.863
9,79,unknown,266.84,178.667,267.066,177.863
9,79,unknown,266.84,178.72,267.066,177.863
9,79,unknown,266.84,178.782,267.066,177.863
9,79,unknown,266.84,178.835,267.066,177.863
9,79,unknown,266.84,177.7,267.077,177.916
9,79,unknown,266.84,177.763,267.077,177.916
9,79,unknown,266.84,177.821,267.077,177.916
9,79,unknown,266.84,177.884,267.077,177.916
9,79,unknown,266.84,177.939,267.077,177.916
9,79,unknown,266.84,178.003,267.077,177.916
9,79,unknown,266.84,178.067,267.077,177.916
9,79,unknown,266.84,178.129,267.077,177.916
9,79,unknown,266.84,178.191,267.077,177.916
9,79,unknown,266.84,178.253,267.077,177.916
9,79,unknown,266.84,178.307,267.077,177.916
9,79,unknown,266.84,178.368,267.077,177.916
9,79,unknown,266.84,178.429,267.077,177.916
9,79,unknown,266.84,178.483,267.077,177.916
9,79,unknown,266.84,178.542,267.077,177.916
9,79,unknown,266.84,178.605,267.077,177.916
9,79,unknown,266.84,178.667,267.077,177.916
9,79,unknown,266.84,178.72,267.077,177.916
9,79,unknown,266.84,178.782,267.077,177.916
9,79,unknown,266.84,178.835,267.077,177.916
9,79,unknown,266.84,177.7,267.087,177.962
9,79,unknown,266.84,177.763,267.087,177.962
9,79,unknown,266.84,177.821,267.087,177.962
9,79,unknown,266.84,177.884,267.087,177.962
9,79,unknown,266.84,177.939,267.087,177.962
9,79,unknown,266.84,178.003,267.087,177.962
9,79,unknown,266.84,178.067,267.087,177.962
9,79,unknown,266.84,178.129,267.087,177.962
9,79,unknown,266.84,178.191,267.087,177.962
9,79,unknown,266.84,178.253,267.087,177.962
9,79,unknown,266.84,178.307,267.087,177.962
9,79,unknown,266.84,178.368,267.087,177.962
9,79,unknown,266.84,178.429,267.087,177.962
9,79,unknown,266.84,178.483,267.087,177.962
9,79,unknown,266.84,178.542,267.087,177.962
9,79,unknown,266.84,178.605,267.087,177.962
9,79,unknown,266.84,178.667,267.087,177.962
9,79,unknown,266.84,178.72,267.087,177.962
9,79,unknown,266.84,178.782,267.087,177.962
9,79,unknown,266.84,178.835,267.087,177.962
9,79,unknown,266.84,177.7,267.098,178.016
9,79,unknown,266.84,177.763,267.098,178.016
9,79,unknown,266.84,177.821,267.098,178.016
9,79,unknown,266.84,177.884,267.098,178.016
9,79,unknown,266.84,177.939,267.098,178.016
9,79,unknown,266.84,178.003,267.098,178.016
9,79,unknown,266.84,178.067,267.098,178.016
9,79,unknown,266.84,178.129,267.098,178.016
9,79,unknown,266.84,178.191,267.098,178.016
9,79,unknown,266.84,178.253,267.098,178.016
9,79,unknown,266.84,178.307,267.098,178.016
9,79,unknown,266.84,178.368,267.098,178.016
9,79,unknown,266.84,178.429,267.098,178.016
9,79,unknown,266.84,178.483,267.098,178.016
9,79,unknown,266.84,178.542,267.098,178.016
9,79,unknown,266.84,178.605,267.098,178.016
9,79,unknown,266.84,178.667,267.098,178.016
9,79,unknown,266.84,178.72,267.098,178.016
9,79,unknown,266.84,178.782,267.098,178.016
9,79,unknown,266.84,178.835,267.098,178.016
9,79,unknown,266.84,177.7,267.11,178.072
9,79,unknown,266.84,177.763,267.11,178.072
9,79,unknown,266.84,177.821,267.11,178.072
9,79,unknown,266.84,177.884,267.11,178.072
9,79,unknown,266.84,177.939,267.11,178.072
9,79,unknown,266.84,178.003,267.11,178.072
9,79,unknown,266.84,178.067,267.11,178.072
9,79,unknown,266.84,178.129,267.11,178.072
9,79,unknown,266.84,178.191,267.11,178.072
9,79,unknown,266.84,178.253,267.11,178.072
9,79,unknown,266.84,178.307,267.11,178.072
9,79,unknown,266.84,178.368,267.11,178.072
9,79,unknown,266.84,178.429,267.11,178.072
9,79,unknown,266.84,178.483,267.11,178.072
9,79,unknown,266.84,178.542,267.11,178.072
9,79,unknown,266.84,178.605,267.11,178.072
9,79,unknown,266.84,178.667,267.11,178.072
9,79,unknown,266.84,178.72,267.11,178.072
9,79,unknown,266.84,178.782,267.11,178.072
9,79,unknown,266.84,178.835,267.11,178.072
9,79,unknown,266.84,177.7,267.121,178.123
9,79,unknown,266.84,177.763,267.121,178.123
9,79,unknown,266.84,177.821,267.121,178.123
9,79,unknown,266.84,177.884,267.121,178.123
9,79,unknown,266.84,177.939,267.121,178.123
9,79,unknown,266.84,178.003,267.121,178.123
9,79,unknown,266.84,178.067,267.121,178.123
9,79,unknown,266.84,178.129,267.121,178.123
9,79,unknown,266.84,178.191,267.121,178.123
9,79,unknown,266.84,178.253,267.121,178.123
9,79,unknown,266.84,178.307,267.121,178.123
9,79,unknown,266.84,178.368,267.121,178.123
9,79,unknown,266.84,178.429,267.121,178.123
9,79,unknown,266.84,178.483,267.121,178.123
9,79,unknown,266.84,178.542,267.121,178.123
9,79,unknown,266.84,178.605,267.121,178.123
9,79,unknown,266.84,178.667,267.121,178.123
9,79,unknown,266.84,178.72,267.121,178.123
9,79,unknown,266.84,178.782,267.121,178.123
9,79,unknown,266.84,178.835,267.121,178.123
9,79,unknown,266.84,177.7,267.132,178.178
9,79,unknown,266.84,177.763,267.132,178.178
9,79,unknown,266.84,177.821,267.132,178.178
9,79,unknown,266.84,177.884,267.132,178.178
9,79,unknown,266.84,177.939,267.132,178.178
9,79,unknown,266.84,178.003,267.132,178.178
9,79,unknown,266.84,178.067,267.132,178.178
9,79,unknown,266.84,178.129,267.132,178.178
9,79,unknown,266.84,178.191,267.132,178.178
9,79,unknown,266.84,178.253,267.132,178.178
9,79,unknown,266.84,178.307,267.132,178.178
9,79,unknown,266.84,178.368,267.132,178.178
9,79,unknown,266.84,178.429,267.132,178.178
9,79,unknown,266.84,178.483,267.132,178.178
9,79,unknown,266.84,178.542,267.132,178.178
9,79,unknown,266.84,178.605,267.132,178.178
9,79,unknown,266.84,178.667,267.132,178.178
9,79,unknown,266.84,178.72,267.132,178.178
9,79,unknown,266.84,178.782,267.132,178.178
9,79,unknown,266.84,178.835,267.132,178.178
9,79,unknown,266.84,177.7,267.145,178.239
9,79,unknown,266.84,177.763,267.145,178.239
9,79,unknown,266.84,177.821,267.145,178.239
9,79,unknown,266.84,177.884,267.145,178.239
9,79,unknown,266.84,177.939,267.145,178.239
9,79,unknown,266.84,178.003,267.145,178.239
9,79,unknown,266.84,178.067,267.145,178.239
9,79,unknown,266.84,178.129,267.145,178.239
9,79,unknown,266.84,178.191,267.145,178.239
9,79,unknown,266.84,178.253,267.145,178.239
9,79,unknown,266.84,178.307,267.145,178.239
9,79,unknown,266.84,178.368,267.145,178.239
9,79,unknown,266.84,178.429,267.145,178.239
9,79,unknown,266.84,178.483,267.145,178.239
9,79,unknown,266.84,178.542,267.145,178.239
9,79,unknown,266.84,178.605,267.145,178.239
9,79,unknown,266.84,178.667,267.145,178.239
9,79,unknown,266.84,178.72,267.145,178.239
9,79,unknown,266.84,178.782,267.145,178.239
9,79,unknown,266.84,178.835,267.145,178.239
9,79,unknown,266.84,177.7,267.158,178.301
9,79,unknown,266.84,177.763,267.158,178.301
9,79,unknown,266.84,177.821,267.158,178.301
9,79,unknown,266.84,177.884,267.158,178.301
9,79,unknown,266.84,177.939,267.158,178.301
9,79,unknown,266.84,178.003,267.158,178.301
9,79,unknown,266.84,178.067,267.158,178.301
9,79,unknown,266.84,178.129,267.158,178.301
9,79,unknown,266.84,178.191,267.158,178.301
9,79,unknown,266.84,178.253,267.158,178.301
9,79,unknown,266.84,178.307,267.158,178.301
9,79,unknown,266.84,178.368,267.158,178.301
9,79,unknown,266.84,178.429,267.158,178.301
9,79,unknown,266.84,178.483,267.158,178.301
9,79,unknown,266.84,178.542,267.158,178.301
9,79,unknown,266.84,178.605,267.158,178.301
9,79,unknown,266.84,178.667,267.158,178.301
9,79,unknown,266.84,178.72,267.158,178.301
9,79,unknown,266.84,178.782,267.158,178.301
9,79,unknown,266.84,178.835,267.158,178.301
9,79,unknown,266.84,177.7,267.17,178.353
9,79,unknown,266.84,177.763,267.17,178.353
9,79,unknown,266.84,177.821,267.17,178.353
9,79,unknown,266.84,177.884,267.17,178.353
9,79,unknown,266.84,177.939,267.17,178.353
9,79,unknown,266.84,178.003,267.17,178.353
9,79,unknown,266.84,178.067,267.17,178.353
9,79,unknown,266.84,178.129,267.17,178.353
9,79,unknown,266.84,178.191,267.17,178.353
9,79,unknown,266.84,178.253,267.17,178.353
9,79,unknown,266.84,178.307,267.17,178.353
9,79,unknown,266.84,178.368,267.17,178.353
9,79,unknown,266.84,178.429,267.17,178.353
9,79,unknown,266.84,178.483,267.17,178.353
9,79,unknown,266.84,178.542,267.17,178.353
9,79,unknown,266.84,178.605,267.17,178.353
9,79,unknown,266.84,178.667,267.17,178.353
9,79,unknown,266.84,178.72,267.17,178.353
9,79,unknown,266.84,178.782,267.17,178.353
9,79,unknown,266.84,178.835,267.17,178.353
9,79,unknown,266.84,177.7,267.183,178.418
9,79,unknown,266.84,177.763,267.183,178.418
9,79,unknown,266.84,177.821,267.183,178.418
9,79,unknown,266.84,177.884,267.183,178.418
9,79,unknown,266.84,177.939,267.183,178.418
9,79,unknown,266.84,178.003,267.183,178.418
9,79,unknown,266.84,178.067,267.183,178.418
9,79,unknown,266.84,178.129,267.183,178.418
9,79,unknown,266.84,178.191,267.183,178.418
9,79,unknown,266.84,178.253,267.183,178.418
9,79,unknown,266.84,178.307,267.183,178.418
9,79,unknown,266.84,178.368,267.183,178.418
9,79,unknown,266.84,178.429,267.183,178.418
9,79,unknown,266.84,178.483,267.183,178.418
9,79,unknown,266.84,178.542,267.183,178.418
9,79,unknown,266.84,178.605,267.183,178.418
9,79,unknown,266.84,178.667,267.183,178.418
9,79,unknown,266.84,178.72,267.183,178.418
9,79,unknown,266.84,178.782,267.183,178.418
9,79,unknown,266.84,178.835,267.183,178.418
9,79,unknown,266.84,177.7,267.195,178.474
9,79,unknown,266.84,177.763,267.195,178.474
9,79,unknown,266.84,177.821,267.195,178.474
9,79,unknown,266.84,177.884,267.195,178.474
9,79,unknown,266.84,177.939,267.195,178.474
9,79,unknown,266.84,178.003,267.195,178.474
9,79,unknown,266.84,178.067,267.195,178.474
9,79,unknown,266.84,178.129,267.195,178.474
9,79,unknown,266.84,178.191,267.195,178.474
9,79,unknown,266.84,178.253,267.195,178.474
9,79,unknown,266.84,178.307,267.195,178.474
9,79,unknown,266.84,178.368,267.195,178.474
9,79,unknown,266.84,178.429,267.195,178.474
9,79,unknown,266.84,178.483,267.195,178.474
9,79,unknown,266.84,178.542,267.195,178.474
9,79,unknown,266.84,178.605,267.195,178.474
9,79,unknown,266.84,178.667,267.195,178.474
9,79,unknown,266.84,178.72,267.195,178.474
9,79,unknown,266.84,178.782,267.195,178.474
9,79,unknown,266.84,178.835,267.195,178.474
10,79,unknown,266.84,178.893,267.209,178.536
10,79,unknown,266.84,178.948,267.209,178.536
10,79,unknown,266.84,179.008,267.209,178.536
10,79,unknown,266.84,179.065,267.209,178.536
10,79,unknown,266.84,179.121,267.209,178.536
10,79,unknown,266.84,179.177,267.209,178.536
10,79,unknown,266.84,179.236,267.209,178.536
10,79,unknown,266.84,179.294,267.209,178.536
10,79,unknown,266.84,179.353,267.209,178.536
10,79,unknown,266.84,179.409,267.209,178.536
10,79,unknown,266.84,179.471,267.209,178.536
10,79,unknown,266.84,179.531,267.209,178.536
10,79,unknown,266.84,179.59,267.209,178.536
10,79,unknown,266.84,179.647,267.209,178.536
10,79,unknown,266.84,179.705,267.209,178.536
10,79,unknown,266.84,179.759,267.209,178.536
10,79,unknown,266.84,179.812,267.209,178.536
10,79,unknown,266.84,179.874,267.209,178.536
10,79,unknown,266.84,179.936,267.209,178.536
10,79,unknown,266.84,179.997,267.209,178.536
10,79,unknown,266.84,178.893,267.221,178.596
10,79,unknown,266.84,178.948,267.221,178.596
10,79,unknown,266.84,179.008,267.221,178.596
10,79,unknown,266.84,179.065,267.221,178.596
10,79,unknown,266.84,179.121,267.221,178.596
10,79,unknown,266.84,179.177,267.221,178.596
10,79,unknown,266.84,179.236,267.221,178.596
10,79,unknown,266.84,179.294,267.221,178.596
10,79,unknown,266.84,179.353,267.221,178.596
10,79,unknown,266.84,179.409,267.221,178.596
10,79,unknown,266.84,179.471,267.221,178.596
10,79,unknown,266.84,179.531,267.221,178.596
10,79,unknown,266.84,179.59,267.221,178.596
10,79,unknown,266.84,179.647,267.221,178.596
10,79,unknown,266.84,179.705,267.221,178.596
10,79,unknown,266.84,179.759,267.221,178.596
10,79,unknown,266.84,179.812,267.221,178.596
10,79,unknown,266.84,179.874,267.221,178.596
10,79,unknown,266.84,179.936,267.221,178.596
10,79,unknown,266.84,179.997,267.221,178.596
10,79,unknown,266.84,178.893,267.235,178.662
10,79,unknown,266.84,178.948,267.235,178.662
10,79,unknown,266.84,179.008,267.235,178.662
10,79,unknown,266.84,179.065,267.235,178.662
10,79,unknown,266.84,179.121,267.235,178.662
10,79,unknown,266.84,179.177,267.235,178.662
10,79,unknown,266.84,179.236,267.235,178.662
10,79,unknown,266.84,179.294,267.235,178.662
10,79,unknown,266.84,179.353,267.235,178.662
10,79,unknown,266.84,179.409,267.235,178.662
10,79,unknown,266.84,179.471,267.235,178.662
10,79,unknown,266.84,179.531,267.235,178.662
10,79,unknown,266.84,179.59,267.235,178.662
10,79,unknown,266.84,179.647,267.235,178.662
10,79,unknown,266.84,179.705,267.235,178.662
10,79,unknown,266.84,179.759,267.235,178.662
10,79,unknown,266.84,179.812,267.235,178.662
10,79,unknown,266.84,179.874,267.235,178.662
10,79,unknown,266.84,179.936,267.235,178.662
10,79,unknown,266.84,179.997,267.235,178.662
10,79,unknown,266.84,178.893,267.249,178.726
10,79,unknown,266.84,178.948,267.249,178.726
10,79,unknown,266.84,179.008,267.249,178.726
10,79,unknown,266.84,179.065,267.249,178.726
10,79,unknown,266.84,179.121,267.249,178.726
10,79,unknown,266.84,179.177,267.249,178.726
10,79,unknown,266.84,179.236,267.249,178.726
10,79,unknown,266.84,179.294,267.249,178.726
10,79,unknown,266.84,179.353,267.249,178.726
10,79,unknown,266.84,179.409,267.249,178.726
10,79,unknown,266.84,179.471,267.249,178.726
10,79,unknown,266.84,179.531,267.249,178.726
10,79,unknown,266.84,179.59,267.249,178.726
10,79,unknown,266.84,179.647,267.249,178.726
10,79,unknown,266.84,179.705,267.249,178.726
10,79,unknown,266.84,179.759,267.249,178.726
10,79,unknown,266.84,179.812,267.249,178.726
10,79,unknown,266.84,179.874,267.249,178.726
10,79,unknown,266.84,179.936,267.249,178.726
10,79,unknown,266.84,179.997,267.249,178.726
10,79,unknown,266.84,178.893,267.262,178.787
10,79,unknown,266.84,178.948,267.262,178.787
10,79,unknown,266.84,179.008,267.262,178.787
10,79,unknown,266.84,179.065,267.262,178.787
10,79,unknown,266.84,179.121,267.262,178.787
10,79,unknown,266.84,179.177,267.262,178.787
10,79,unknown,266.84,179.236,267.262,178.787
10,79,unknown,266.84,179.294,267.262,178.787
10,79,unknown,266.84,179.353,267.262,178.787
10,79,unknown,266.84,179.409,267.262,178.787
10,79,unknown,266.84,179.471,267.262,178.787
10,79,unknown,266.84,179.531,267.262,178.787
10,79,unknown,266.84,179.59,267.262,178.787
10,79,unknown,266.84,179.647,267.262,178.787
10,79,unknown,266.84,179.705,267.262,178.787
10,79,unknown,266.84,179.759,267.262,178.787
10,79,unknown,266.84,179.812,267.262,178.787
10,79,unknown,266.84,179.874,267.262,178.787
10,79,unknown,266.84,179.936,267.262,178.787
10,79,unknown,266.84,179.997,267.262,178.787
10,79,unknown,266.84,178.893,267.273,178.842
10,79,unknown,266.84,178.948,267.273,178.842
10,79,unknown,266.84,179.008,267.273,178.842
10,79,unknown,266.84,179.065,267.273,178.842
10,79,unknown,266.84,179.121,267.273,178.842
10,79,unknown,266.84,179.177,267.273,178.842
10,79,unknown,266.84,179.236,267.273,178.842
10,79,unknown,266.84,179.294,267.273,178.842
10,79,unknown,266.84,179.353,267.273,178.842
10,79,unknown,266.84,179.409,267.273,178.842
10,79,unknown,266.84,179.471,267.273,178.842
10,79,unknown,266.84,179.531,267.273,178.842
10,79,unknown,266.84,179.59,267.273,178.842
10,79,unknown,266.84,179.647,267.273,178.842
10,79,unknown,266.84,179.705,267.273,178.842
10,79,unknown,266.84,179.759,267.273,178.842
10,79,unknown,266.84,179.812,267.273,178.842
10,79,unknown,266.84,179.874,267.273,178.842
10,79,unknown,266.84,179.936,267.273,178.842
10,79,unknown,266.84,179.997,267.273,178.842
10,79,unknown,266.84,178.893,267.285,178.898
10,79,unknown,266.84,178.948,267.285,178.898
10,79,unknown,266.84,179.008,267.285,178.898
10,79,unknown,266.84,179.065,267.285,178.898
10,79,unknown,266.84,179.121,267.285,178.898
10,79,unknown,266.84,179.177,267.285,178.898
10,79,unknown,266.84,179.236,267.285,178.898
10,79,unknown,266.84,179.294,267.285,178.898
10,79,unknown,266.84,179.353,267.285,178.898
10,79,unknown,266.84,179.409,267.285,178.898
10,79,unknown,266.84,179.471,267.285,178.898
10,79,unknown,266.84,179.531,267.285,178.898
10,79,unknown,266.84,179.59,267.285,178.898
10,79,unknown,266.84,179.647,267.285,178.898
10,79,unknown,266.84,179.705,267.285,178.898
10,79,unknown,266.84,179.759,267.285,178.898
10,79,unknown,266.84,179.812,267.285,178.898
10,79,unknown,266.84,179.874,267.285,178.898
10,79,unknown,266.84,179.936,267.285,178.898
10,79,unknown,266.84,179.997,267.285,178.898
10,79,unknown,266.84,178.893,267.298,178.955
10,79,unknown,266.84,178.948,267.298,178.955
10,79,unknown,266.84,179.008,267.298,178.955
10,79,unknown,266.84,179.065,267.298,178.955
10,79,unknown,266.84,179.121,267.298,178.955
10,79,unknown,266.84,179.177,267.298,178.955
10,79,unknown,266.84,179.236,267.298,178.955
10,79,unknown,266.84,179.294,267.298,178.955
10,79,unknown,266.84,179.353,267.298,178.955
10,79,unknown,266.84,179.409,267.298,178.955
10,79,unknown,266.84,179.471,267.298,178.955
10,79,unknown,266.84,179.531,267.298,178.955
10,79,unknown,266.84,179.59,267.298,178.955
10,79,unknown,266.84,179.647,267.298,178.955
10,79,unknown,266.84,179.705,267.298,178.955
10,79,unknown,266.84,179.759,267.298,178.955
10,79,unknown,266.84,179.812,267.298,178.955
10,79,unknown,266.84,179.874,267.298,178.955
10,79,unknown,266.84,179.936,267.298,178.955
10,79,unknown,266.84,179.997,267.298,178.955
10,79,unknown,266.84,178.893,267.31,179.014
10,79,unknown,266.84,178.948,267.31,179.014
10,79,unknown,266.84,179.008,267.31,179.014
10,79,unknown,266.84,179.065,267.31,179.014
10,79,unknown,266.84,179.121,267.31,179.014
10,79,unknown,266.84,179.177,267.31,179.014
10,79,unknown,266.84,179.236,267.31,179.014
10,79,unknown,266.84,179.294,267.31,179.014
10,79,unknown,266.84,179.353,267.31,179.014
10,79,unknown,266.84,179.409,267.31,179.014
10,79,unknown,266.84,179.471,267.31,179.014
10,79,unknown,266.84,179.531,267.31,179.014
10,79,unknown,266.84,179.59,267.31,179.014
10,79,unknown,266.84,179.647,267.31,179.014
10,79,unknown,266.84,179.705,267.31,179.014
10,79,unknown,266.84,179.759,267.31,179.014
10,79,unknown,266.84,179.812,267.31,179.014
10,79,unknown,266.84,179.874,267.31,179.014
10,79,unknown,266.84,179.936,267.31,179.014
10,79,unknown,266.84,179.997,267.31,179.014
10,79,unknown,266.84,178.893,267.322,179.068
10,79,unknown,266.84,178.948,267.322,179.068
10,79,unknown,266.84,179.008,267.322,179.068
10,79,unknown,266.84,179.065,267.322,179.068
10,79,unknown,266.84,179.121,267.322,179.068
10,79,unknown,266.84,179.177,267.322,179.068
10,79,unknown,266.84,179.236,267.322,179.068
10,79,unknown,266.84,179.294,267.322,179.068
10,79,unknown,266.84,179.353,267.322,179.068
10,79,unknown,266.84,179.409,267.322,179.068
10,79,unknown,266.84,179.471,267.322,179.068
10,79,unknown,266.84,179.531,267.322,179.068
10,79,unknown,266.84,179.59,267.322,179.068
10,79,unknown,266.84,179.647,267.322,179.068
10,79,unknown,266.84,179.705,267.322,179.068
10,79,unknown,266.84,179.759,267.322,179.068
10,79,unknown,266.84,179.812,267.322,179.068
10,79,unknown,266.84,179.874,267.322,179.068
10,79,unknown,266.84,179.936,267.322,179.068
10,79,unknown,266.84,179.997,267.322,179.068
10,79,unknown,266.84,178.893,267.333,179.121
10,79,unknown,266.84,178.948,267.333,179.121
10,79,unknown,266.84,179.008,267.333,179.121
10,79,unknown,266.84,179.065,267.333,179.121
10,79,unknown,266.84,179.121,267.333,179.121
10,79,unknown,266.84,179.177,267.333,179.121
10,79,unknown,266.84,179.236,267.333,179.121
10,79,unknown,266.84,179.294,267.333,179.121
10,79,unknown,266.84,179.353,267.333,179.121
10,79,unknown,266.84,179.409,267.333,179.121
10,79,unknown,266.84,179.471,267.333,179.121
10,79,unknown,266.84,179.531,267.333,179.121
10,79,unknown,266.84,179.59,267.333,179.121
10,79,unknown,266.84,179.647,267.333,179.121
10,79,unknown,266.84,179.705,267.333,179.121
10,79,unknown,266.84,179.759,267.333,179.121
10,79,unknown,266.84,179.812,267.333,179.121
10,79,unknown,266.84,179.874,267.333,179.121
10,79,unknown,266.84,179.936,267.333,179.121
10,79,unknown,266.84,179.997,267.333,179.121
10,79,unknown,266.84,178.893,267.343,179.171
10,79,unknown,266.84,178.948,267.343,179.171
10,79,unknown,266.84,179.008,267.343,179.171
10,79,unknown,266.84,179.065,267.343,179.171
10,79,unknown,266.84,179.121,267.343,179.171
10,79,unknown,266.84,179.177,267.343,179.171
10,79,unknown,266.84,179.236,267.343,179.171
10,79,unknown,266.84,179.294,267.343,179.171
10,79,unknown,266.84,179.353,267.343,179.171
10,79,unknown,266.84,179.409,267.343,179.171
10,79,unknown,266.84,179.471,267.343,179.171
10,79,unknown,266.84,179.531,267.343,179.171
10,79,unknown,266.84,179.59,267.343,179.171
10,79,unknown,266.84,179.647,267.343,179.171
10,79,unknown,266.84,179.705,267.343,179.171
10,79,unknown,266.84,179.759,267.343,179.171
10,79,unknown,266.84,179.812,267.343,179.171
10,79,unknown,266.84,179.874,267.343,179.171
10,79,unknown,266.84,179.936,267.343,179.171
10,79,unknown,266.84,179.997,267.343,179.171
10,79,unknown,266.84,178.893,267.354,179.22
10,79,unknown,266.84,178.948,267.354,179.22
10,79,unknown,266.84,179.008,267.354,179.22
10,79,unknown,266.84,179.065,267.354,179.22
10,79,unknown,266.84,179.121,267.354,179.22
10,79,unknown,266.84,179.177,267.354,179.22
10,79,unknown,266.84,179.236,267.354,179.22
10,79,unknown,266.84,179.294,267.354,179.22
10,79,unknown,266.84,179.353,267.354,179.22
10,79,unknown,266.84,179.409,267.354,179.22
10,79,unknown,266.84,179.471,267.354,179.22
10,79,unknown,266.84,179.531,267.354,179.22
10,79,unknown,266.84,179.59,267.354,179.22
10,79,unknown,266.84,179.647,267.354,179.22
10,79,unknown,266.84,179.705,267.354,179.22
10,79,unknown,266.84,179.759,267.354,179.22
10,79,unknown,266.84,179.812,267.354,179.22
10,79,unknown,266.84,179.874,267.354,179.22
10,79,unknown,266.84,179.936,267.354,179.22
10,79,unknown,266.84,179.997,267.354,179.22
10,79,unknown,266.84,178.893,267.364,179.27
10,79,unknown,266.84,178.948,267.364,179.27
10,79,unknown,266.84,179.008,267.364,179.27
10,79,unknown,266.84,179.065,267.364,179.27
10,79,unknown,266.84,179.121,267.364,179.27
10,79,unknown,266.84,179.177,267.364,179.27
10,79,unknown,266.84,179.236,267.364,179.27
10,79,unknown,266.84,179.294,267.364,179.27
10,79,unknown,266.84,179.353,267.364,179.27
10,79,unknown,266.84,179.409,267.364,179.27
10,79,unknown,266.84,179.471,267.364,179.27
10,79,unknown,266.84,179.531,267.364,179.27
10,79,unknown,266.84,179.59,267.364,179.27
10,79,unknown,266.84,179.647,267.364,179.27
10,79,unknown,266.84,179.705,267.364,179.27
10,79,unknown,266.84,179.759,267.364,179.27
10,79,unknown,266.84,179.812,267.364,179.27
10,79,unknown,266.84,179.874,267.364,179.27
10,79,unknown,266.84,179.936,267.364,179.27
10,79,unknown,266.84,179.997,267.364,179.27
10,79,unknown,266.84,178.893,267.375,179.321
10,79,unknown,266.84,178.948,267.375,179.321
10,79,unknown,266.84,179.008,267.375,179.321
10,79,unknown,266.84,179.065,267.375,179.321
10,79,unknown,266.84,179.121,267.375,179.321
10,79,unknown,266.84,179.177,267.375,179.321
10,79,unknown,266.84,179.236,267.375,179.321
10,79,unknown,266.84,179.294,267.375,179.321
10,79,unknown,266.84,179.353,267.375,179.321
10,79,unknown,266.84,179.409,267.375,179.321
10,79,unknown,266.84,179.471,267.375,179.321
10,79,unknown,266.84,179.531,267.375,179.321
10,79,unknown,266.84,179.59,267.375,179.321
10,79,unknown,266.84,179.647,267.375,179.321
10,79,unknown,266.84,179.705,267.375,179.321
10,79,unknown,266.84,179.759,267.375,179.321
10,79,unknown,266.84,179.812,267.375,179.321
10,79,unknown,266.84,179.874,267.375,179.321
10,79,unknown,266.84,179.936,267.375,179.321
10,79,unknown,266.84,179.997,267.375,179.321
10,79,unknown,266.84,178.893,267.385,179.369
10,79,unknown,266.84,178.948,267.385,179.369
10,79,unknown,266.84,179.008,267.385,179.369
10,79,unknown,266.84,179.065,267.385,179.369
10,79,unknown,266.84,179.121,267.385,179.369
10,79,unknown,266.84,179.177,267.385,179.369
10,79,unknown,266.84,179.236,267.385,179.369
10,79,unknown,266.84,179.294,267.385,179.369
10,79,unknown,266.84,179.353,267.385,179.369
10,79,unknown,266.84,179.409,267.385,179.369
10,79,unknown,266.84,179.471,267.385,179.369
10,79,unknown,266.84,179.531,267.385,179.369
10,79,unknown,266.84,179.59,267.385,179.369
10,79,unknown,266.84,179.647,267.385,179.369
10,79,unknown,266.84,179.705,267.385,179.369
10,79,unknown,266.84,179.759,267.385,179.369
10,79,unknown,266.84,179.812,267.385,179.369
10,79,unknown,266.84,179.874,267.385,179.369
10,79,unknown,266.84,179.936,267.385,179.369
10,79,unknown,266.84,179.997,267.385,179.369
10,79,unknown,266.84,178.893,267.396,179.417
10,79,unknown,266.84,178.948,267.396,179.417
10,79,unknown,266.84,179.008,267.396,179.417
10,79,unknown,266.84,179.065,267.396,179.417
10,79,unknown,266.84,179.121,267.396,179.417
10,79,unknown,266.84,179.177,267.396,179.417
10,79,unknown,266.84,179.236,267.396,179.417
10,79,unknown,266.84,179.294,267.396,179.417
10,79,unknown,266.84,179.353,267.396,179.417
10,79,unknown,266.84,179.409,267.396,179.417
10,79,unknown,266.84,179.471,267.396,179.417
10,79,unknown,266.84,179.531,267.396,179.417
10,79,unknown,266.84,179.59,267.396,179.417
10,79,unknown,266.84,179.647,267.396,179.417
10,79,unknown,266.84,179.705,267.396,179.417
10,79,unknown,266.84,179.759,267.396,179.417
10,79,unknown,266.84,179.812,267.396,179.417
10,79,unknown,266.84,179.874,267.396,179.417
10,79,unknown,266.84,179.936,267.396,179.417
10,79,unknown,266.84,179.997,267.396,179.417
10,79,unknown,266.84,178.893,267.408,179.473
10,79,unknown,266.84,178.948,267.408,179.473
10,79,unknown,266.84,179.008,267.408,179.473
10,79,unknown,266.84,179.065,267.408,179.473
10,79,unknown,266.84,179.121,267.408,179.473
10,79,unknown,266.84,179.177,267.408,179.473
10,79,unknown,266.84,179.236,267.408,179.473
10,79,unknown,266.84,179.294,267.408,179.473
10,79,unknown,266.84,179.353,267.408,179.473
10,79,unknown,266.84,179.409,267.408,179.473
10,79,unknown,266.84,179.471,267.408,179.473
10,79,unknown,266.84,179.531,267.408,179.473
10,79,unknown,266.84,179.59,267.408,179.473
10,79,unknown,266.84,179.647,267.408,179.473
10,79,unknown,266.84,179.705,267.408,179.473
10,79,unknown,266.84,179.759,267.408,179.473
10,79,unknown,266.84,179.812,267.408,179.473
10,79,unknown,266.84,179.874,267.408,179.473
10,79,unknown,266.84,179.936,267.408,179.473
10,79,unknown,266.84,179.997,267.408,179.473
10,79,unknown,266.84,178.893,267.42,179.53
10,79,unknown,266.84,178.948,267.42,179.53
10,79,unknown,266.84,179.008,267.42,179.53
10,79,unknown,266.84,179.065,267.42,179.53
10,79,unknown,266.84,179.121,267.42,179.53
10,79,unknown,266.84,179.177,267.42,179.53
10,79,unknown,266.84,179.236,267.42,179.53
10,79,unknown,266.84,179.294,267.42,179.53
10,79,unknown,266.84,179.353,267.42,179.53
10,79,unknown,266.84,179.409,267.42,179.53
10,79,unknown,266.84,179.471,267.42,179.53
10,79,unknown,266.84,179.531,267.42,179.53
10,79,unknown,266.84,179.59,267.42,179.53
10,79,unknown,266.84,179.647,267.42,179.53
10,79,unknown,266.84,179.705,267.42,179.53
10,79,unknown,266.84,179.759,267.42,179.53
10,79,unknown,266.84,179.812,267.42,179.53
10,79,unknown,266.84,179.874,267.42,179.53
10,79,unknown,266.84,179.936,267.42,179.53
10,79,unknown,266.84,179.997,267.42,179.53
10,79,unknown,266.84,178.893,267.432,179.587
10,79,unknown,266.84,178.948,267.432,179.587
10,79,unknown,266.84,179.008,267.432,179.587
10,79,unknown,266.84,179.065,267.432,179.587
10,79,unknown,266.84,179.121,267.432,179.587
10,79,unknown,266.84,179.177,267.432,179.587
10,79,unknown,266.84,179.236,267.432,179.587
10,79,unknown,266.84,179.294,267.432,179.587
10,79,unknown,266.84,179.353,267.432,179.587
10,79,unknown,266.84,179.409,267.432,179.587
10,79,unknown,266.84,179.471,267.432,179.587
10,79,unknown,266.84,179.531,267.432,179.587
10,79,unknown,266.84,179.59,267.432,179.587
10,79,unknown,266.84,179.647,267.432,179.587
10,79,unknown,266.84,179.705,267.432,179.587
10,79,unknown,266.84,179.759,267.432,179.587
10,79,unknown,266.84,179.812,267.432,179.587
10,79,unknown,266.84,179.874,267.432,179.587
10,79,unknown,266.84,179.936,267.432,179.587
10,79,unknown,266.84,179.997,267.432,179.587
11,79,unknown,266.84,180.052,267.443,179.638
11,79,unknown,266.84,180.105,267.443,179.638
11,79,unknown,266.84,180.169,267.443,179.638
11,79,unknown,266.84,180.227,267.443,179.638
11,79,unknown,266.84,180.292,267.443,179.638
11,79,unknown,266.84,180.345,267.443,179.638
11,79,unknown,266.84,180.406,267.443,179.638
11,79,unknown,266.84,180.47,267.443,179.638
11,79,unknown,266.84,180.528,267.443,179.638
11,79,unknown,266.84,180.587,267.443,179.638
11,79,unknown,266.84,180.643,267.443,179.638
11,79,unknown,266.84,180.702,267.443,179.638
11,79,unknown,266.84,180.762,267.443,179.638
11,79,unknown,266.84,180.824,267.443,179.638
11,79,unknown,266.84,180.886,267.443,179.638
11,79,unknown,266.84,180.942,267.443,179.638
11,79,unknown,266.84,180.995,267.443,179.638
11,79,unknown,266.84,181.051,267.443,179.638
11,79,unknown,266.84,181.104,267.443,179.638
11,79,unknown,266.84,181.169,267.443,179.638
11,79,unknown,266.84,180.052,267.453,179.688
11,79,unknown,266.84,180.105,267.453,179.688
11,79,unknown,266.84,180.169,267.453,179.688
11,79,unknown,266.84,180.227,267.453,179.688
11,79,unknown,266.84,180.292,267.453,179.688
11,79,unknown,266.84,180.345,267.453,179.688
11,79,unknown,266.84,180.406,267.453,179.688
11,79,unknown,266.84,180.47,267.453,179.688
11,79,unknown,266.84,180.528,267.453,179.688
11,79,unknown,266.84,180.587,267.453,179.688
11,79,unknown,266.84,180.643,267.453,179.688
11,79,unknown,266.84,180.702,267.453,179.688
11,79,unknown,266.84,180.762,267.453,179.688
11,79,unknown,266.84,180.824,267.453,179.688
11,79,unknown,266.84,180.886,267.453,179.688
11,79,unknown,266.84,180.942,267.453,179.688
11,79,unknown,266.84,180.995,267.453,179.688
11,79,unknown,266.84,181.051,267.453,179.688
11,79,unknown,266.84,181.104,267.453,179.688
11,79,unknown,266.84,181.169,267.453,179.688
11,79,unknown,266.84,180.052,267.467,179.75
11,79,unknown,266.84,180.105,267.467,179.75
11,79,unknown,266.84,180.169,267.467,179.75
11,79,unknown,266.84,180.227,267.467,179.75
11,79,unknown,266.84,180.292,267.467,179.75
11,79,unknown,266.84,180.345,267.467,179.75
11,79,unknown,266.84,180.406,267.467,179.75
11,79,unknown,266.84,180.47,267.467,179.75
11,79,unknown,266.84,180.528,267.467,179.75
11,79,unknown,266.84,180.587,267.467,179.75
11,79,unknown,266.84,180.643,267.467,179.75
11,79,unknown,266.84,180.702,267.467,179.75
11,79,unknown,266.84,180.762,267.467,179.75
11,79,unknown,266.84,180.824,267.467,179.75
11,79,unknown,266.84,180.886,267.467,179.75
11,79,unknown,266.84,180.942,267.467,179.75
11,79,unknown,266.84,180.995,267.467,179.75
11,79,unknown,266.84,181.051,267.467,179.75
11,79,unknown,266.84,181.104,267.467,179.75
11,79,unknown,266.84,181.169,267.467,179.75
11,79,unknown,266.84,180.052,267.478,179.805
11,79,unknown,266.84,180.105,267.478,179.805
11,79,unknown,266.84,180.169,267.478,179.805
11,79,unknown,266.84,180.227,267.478,179.805
11,79,unknown,266.84,180.292,267.478,179.805
11,79,unknown,266.84,180.345,267.478,179.805
11,79,unknown,266.84,180.406,267.478,179.805
11,79,unknown,266.84,180.47,267.478,179.805
11,79,unknown,266.84,180.528,267.478,179.805
11,79,unknown,266.84,180.587,267.478,179.805
11,79,unknown,266.84,180.643,267.478,179.805
11,79,unknown,266.84,180.702,267.478,179.805
11,79,unknown,266.84,180.762,267.478,179.805
11,79,unknown,266.84,180.824,267.478,179.805
11,79,unknown,266.84,180.886,267.478,179.805
11,79,unknown,266.84,180.942,267.478,179.805
11,79,unknown,266.84,180.995,267.478,179.805
11,79,unknown,266.84,181.051,267.478,179.805
11,79,unknown,266.84,181.104,267.478,179.805
11,79,unknown,266.84,181.169,267.478,179.805
11,79,unknown,266.84,180.052,267.492,179.869
11,79,unknown,266.84,180.105,267.492,179.869
11,79,unknown,266.84,180.169,267.492,179.869
11,79,unknown,266.84,180.227,267.492,179.869
11,79,unknown,266.84,180.292,267.492,179.869
11,79,unknown,266.84,180.345,267.492,179.869
11,79,unknown,266.84,180.406,267.492,179.869
11,79,unknown,266.84,180.47,267.492,179.869
11,79,unknown,266.84,180.528,267.492,179.869
11,79,unknown,266.84,180.587,267.492,179.869
11,79,unknown,266.84,180.643,267.492,179.869
11,79,unknown,266.84,180.702,267.492,179.869
11,79,unknown,266.84,180.762,267.492,179.869
11,79,unknown,266.84,180.824,267.492,179.869
11,79,unknown,266.84,180.886,267.492,179.869
11,79,unknown,266.84,180.942,267.492,179.869
11,79,unknown,266.84,180.995,267.492,179.869
11,79,unknown,266.84,181.051,267.492,179.869
11,79,unknown,266.84,181.104,267.492,179.869
11,79,unknown,266.84,181.169,267.492,179.869
11,79,unknown,266.84,180.052,267.503,179.92
11,79,unknown,266.84,180.105,267.503,179.92
11,79,unknown,266.84,180.169,267.503,179.92
11,79,unknown,266.84,180.227,267.503,179.92
11,79,unknown,266.84,180.292,267.503,179.92
11,79,unknown,266.84,180.345,267.503,179.92
11,79,unknown,266.84,180.406,267.503,179.92
11,79,unknown,266.84,180.47,267.503,179.92
11,79,unknown,266.84,180.528,267.503,179.92
11,79,unknown,266.84,180.587,267.503,179.92
11,79,unknown,266.84,180.643,267.503,179.92
11,79,unknown,266.84,180.702,267.503,179.92
11,79,unknown,266.84,180.762,267.503,179.92
11,79,unknown,266.84,180.824,267.503,179.92
11,79,unknown,266.84,180.886,267.503,179.92
11,79,unknown,266.84,180.942,267.503,179.92
11,79,unknown,266.84,180.995,267.503,179.92
11,79,unknown,266.84,181.051,267.503,179.92
11,79,unknown,266.84,181.104,267.503,179.92
11,79,unknown,266.84,181.169,267.503,179.92
11,79,unknown,266.84,180.052,267.515,179.98
11,79,unknown,266.84,180.105,267.515,179.98
11,79,unknown,266.84,180.169,267.515,179.98
11,79,unknown,266.84,180.227,267.515,179.98
11,79,unknown,266.84,180.292,267.515,179.98
11,79,unknown,266.84,180.345,267.515,179.98
11,79,unknown,266.84,180.406,267.515,179.98
11,79,unknown,266.84,180.47,267.515,179.98
11,79,unknown,266.84,180.528,267.515,179.98
11,79,unknown,266.84,180.587,267.515,179.98
11,79,unknown,266.84,180.643,267.515,179.98
11,79,unknown,266.84,180.702,267.515,179.98
11,79,unknown,266.84,180.762,267.515,179.98
11,79,unknown,266.84,180.824,267.515,179.98
11,79,unknown,266.84,180.886,267.515,179.98
11,79,unknown,266.84,180.942,267.515,179.98
11,79,unknown,266.84,180.995,267.515,179.98
11,79,unknown,266.84,181.051,267.515,179.98
11,79,unknown,266.84,181.104,267.515,179.98
11,79,unknown,266.84,181.169,267.515,179.98
11,79,unknown,266.84,180.052,267.529,180.044
11,79,unknown,266.84,180.105,267.529,180.044
11,79,unknown,266.84,180.169,267.529,180.044
11,79,unknown,266.84,180.227,267.529,180.044
11,79,unknown,266.84,180.292,267.529,180.044
11,79,unknown,266.84,180.345,267.529,180.044
11,79,unknown,266.84,180.406,267.529,180.044
11,79,unknown,266.84,180.47,267.529,180.044
11,79,unknown,266.84,180.528,267.529,180.044
11,79,unknown,266.84,180.587,267.529,180.044
11,79,unknown,266.84,180.643,267.529,180.044
11,79,unknown,266.84,180.702,267.529,180.044
11,79,unknown,266.84,180.762,267.529,180.044
11,79,unknown,266.84,180.824,267.529,180.044
11,79,unknown,266.84,180.886,267.529,180.044
11,79,unknown,266.84,180.942,267.529,180.044
11,79,unknown,266.84,180.995,267.529,180.044
11,79,unknown,266.84,181.051,267.529,180.044
11,79,unknown,266.84,181.104,267.529,180.044
11,79,unknown,266.84,181.169,267.529,180.044
11,79,unknown,266.84,180.052,267.541,180.102
11,79,unknown,266.84,180.105,267.541,180.102
11,79,unknown,266.84,180.169,267.541,180.102
11,79,unknown,266.84,180.227,267.541,180.102
11,79,unknown,266.84,180.292,267.541,180.102
11,79,unknown,266.84,180.345,267.541,180.102
11,79,unknown,266.84,180.406,267.541,180.102
11,79,unknown,266.84,180.47,267.541,180.102
11,79,unknown,266.84,180.528,267.541,180.102
11,79,unknown,266.84,180.587,267.541,180.102
11,79,unknown,266.84,180.643,267.541,180.102
11,79,unknown,266.84,180.702,267.541,180.102
11,79,unknown,266.84,180.762,267.541,180.102
11,79,unknown,266.84,180.824,267.541,180.102
11,79,unknown,266.84,180.886,267.541,180.102
11,79,unknown,266.84,180.942,267.541,180.102
11,79,unknown,266.84,180.995,267.541,180.102
11,79,unknown,266.84,181.051,267.541,180.102
11,79,unknown,266.84,181.104,267.541,180.102
11,79,unknown,266.84,181.169,267.541,180.102
11,79,unknown,266.84,180.052,267.554,180.161
11,79,unknown,266.84,180.105,267.554,180.161
11,79,unknown,266.84,180.169,267.554,180.161
11,79,unknown,266.84,180.227,267.554,180.161
11,79,unknown,266.84,180.292,267.554,180.161
11,79,unknown,266.84,180.345,267.554,180.161
11,79,unknown,266.84,180.406,267.554,180.161
11,79,unknown,266.84,180.47,267.554,180.161
11,79,unknown,266.84,180.528,267.554,180.161
11,79,unknown,266.84,180.587,267.554,180.161
11,79,unknown,266.84,180.643,267.554,180.161
11,79,unknown,266.84,180.702,267.554,180.161
11,79,unknown,266.84,180.762,267.554,180.161
11,79,unknown,266.84,180.824,267.554,180.161
11,79,unknown,266.84,180.886,267.554,180.161
11,79,unknown,266.84,180.942,267.554,180.161
11,79,unknown,266.84,180.995,267.554,180.161
11,79,unknown,266.84,181.051,267.554,180.161
11,79,unknown,266.84,181.104,267.554,180.161
11,79,unknown,266.84,181.169,267.554,180.161
11,79,unknown,266.84,180.052,267.566,180.219
11,79,unknown,266.84,180.105,267.566,180.219
11,79,unknown,266.84,180.169,267.566,180.219
11,79,unknown,266.84,180.227,267.566,180.219
11,79,unknown,266.84,180.292,267.566,180.219
11,79,unknown,266.84,180.345,267.566,180.219
11,79,unknown,266.84,180.406,267.566,180.219
11,79,unknown,266.84,180.47,267.566,180.219
11,79,unknown,266.84,180.528,267.566,180.219
11,79,unknown,266.84,180.587,267.566,180.219
11,79,unknown,266.84,180.643,267.566,180.219
11,79,unknown,266.84,180.702,267.566,180.219
11,79,unknown,266.84,180.762,267.566,180.219
11,79,unknown,266.84,180.824,267.566,180.219
11,79,unknown,266.84,180.886,267.566,180.219
11,79,unknown,266.84,180.942,267.566,180.219
11,79,unknown,266.84,180.995,267.566,180.219
11,79,unknown,266.84,181.051,267.566,180.219
11,79,unknown,266.84,181.104,267.566,180.219
11,79,unknown,266.84,181.169,267.566,180.219
11,79,unknown,266.84,180.052,267.579,180.278
11,79,unknown,266.84,180.105,267.579,180.278
11,79,unknown,266.84,180.169,267.579,180.278
11,79,unknown,266.84,180.227,267.579,180.278
11,79,unknown,266.84,180.292,267.579,180.278
11,79,unknown,266.84,180.345,267.579,180.278
11,79,unknown,266.84,180.406,267.579,180.278
11,79,unknown,266.84,180.47,267.579,180.278
11,79,unknown,266.84,180.528,267.579,180.278
11,79,unknown,266.84,180.587,267.579,180.278
11,79,unknown,266.84,180.643,267.579,180.278
11,79,unknown,266.84,180.702,267.579,180.278
11,79,unknown,266.84,180.762,267.579,180.278
11,79,unknown,266.84,180.824,267.579,180.278
11,79,unknown,266.84,180.886,267.579,180.278
11,79,unknown,266.84,180.942,267.579,180.278
11,79,unknown,266.84,180.995,267.579,180.278
11,79,unknown,266.84,181.051,267.579,180.278
11,79,unknown,266.84,181.104,267.579,180.278
11,79,unknown,266.84,181.169,267.579,180.278
11,79,unknown,266.84,180.052,267.592,180.342
11,79,unknown,266.84,180.105,267.592,180.342
11,79,unknown,266.84,180.169,267.592,180.342
11,79,unknown,266.84,180.227,267.592,180.342
11,79,unknown,266.84,180.292,267.592,180.342
11,79,unknown,266.84,180.345,267.592,180.342
11,79,unknown,266.84,180.406,267.592,180.342
11,79,unknown,266.84,180.47,267.592,180.342
11,79,unknown,266.84,180.528,267.592,180.342
11,79,unknown,266.84,180.587,267.592,180.342
11,79,unknown,266.84,180.643,267.592,180.342
11,79,unknown,266.84,180.702,267.592,180.342
11,79,unknown,266.84,180.762,267.592,180.342
11,79,unknown,266.84,180.824,267.592,180.342
11,79,unknown,266.84,180.886,267.592,180.342
11,79,unknown,266.84,180.942,267.592,180.342
11,79,unknown,266.84,180.995,267.592,180.342
11,79,unknown,266.84,181.051,267.592,180.342
11,79,unknown,266.84,181.104,267.592,180.342
11,79,unknown,266.84,181.169,267.592,180.342
11,79,unknown,266.84,180.052,267.606,180.407
11,79,unknown,266.84,180.105,267.606,180.407
11,79,unknown,266.84,180.169,267.606,180.407
11,79,unknown,266.84,180.227,267.606,180.407
11,79,unknown,266.84,180.292,267.606,180.407
11,79,unknown,266.84,180.345,267.606,180.407
11,79,unknown,266.84,180.406,267.606,180.407
11,79,unknown,266.84,180.47,267.606,180.407
11,79,unknown,266.84,180.528,267.606,180.407
11,79,unknown,266.84,180.587,267.606,180.407
11,79,unknown,266.84,180.643,267.606,180.407
11,79,unknown,266.84,180.702,267.606,180.407
11,79,unknown,266.84,180.762,267.606,180.407
11,79,unknown,266.84,180.824,267.606,180.407
11,79,unknown,266.84,180.886,267.606,180.407
11,79,unknown,266.84,180.942,267.606,180.407
11,79,unknown,266.84,180.995,267.606,180.407
11,79,unknown,266.84,181.051,267.606,180.407
11,79,unknown,266.84,181.104,267.606,180.407
11,79,unknown,266.84,181.169,267.606,180.407
11,79,unknown,266.84,180.052,267.62,180.473
11,79,unknown,266.84,180.105,267.62,180.473
11,79,unknown,266.84,180.169,267.62,180.473
11,79,unknown,266.84,180.227,267.62,180.473
11,79,unknown,266.84,180.292,267.62,180.473
11,79,unknown,266.84,180.345,267.62,180.473
11,79,unknown,266.84,180.406,267.62,180.473
11,79,unknown,266.84,180.47,267.62,180.473
11,79,unknown,266.84,180.528,267.62,180.473
11,79,unknown,266.84,180.587,267.62,180.473
11,79,unknown,266.84,180.643,267.62,180.473
11,79,unknown,266.84,180.702,267.62,180.473
11,79,unknown,266.84,180.762,267.62,180.473
11,79,unknown,266.84,180.824,267.62,180.473
11,79,unknown,266.84,180.886,267.62,180.473
11,79,unknown,266.84,180.942,267.62,180.473
11,79,unknown,266.84,180.995,267.62,180.473
11,79,unknown,266.84,181.051,267.62,180.473
11,79,unknown,266.84,181.104,267.62,180.473
11,79,unknown,266.84,181.169,267.62,180.473
11,79,unknown,266.84,180.052,267.633,180.534
11,79,unknown,266.84,180.105,267.633,180.534
11,79,unknown,266.84,180.169,267.633,180.534
11,79,unknown,266.84,180.227,267.633,180.534
11,79,unknown,266.84,180.292,267.633,180.534
11,79,unknown,266.84,180.345,267.633,180.534
11,79,unknown,266.84,180.406,267.633,180.534
11,79,unknown,266.84,180.47,267.633,180.534
11,79,unknown,266.84,180.528,267.633,180.534
11,79,unknown,266.84,180.587,267.633,180.534
11,79,unknown,266.84,180.643,267.633,180.534
11,79,unknown,266.84,180.702,267.633,180.534
11,79,unknown,266.84,180.762,267.633,180.534
11,79,unknown,266.84,180.824,267.633,180.534
11,79,unknown,266.84,180.886,267.633,180.534
11,79,unknown,266.84,180.942,267.633,180.534
11,79,unknown,266.84,180.995,267.633,180.534
11,79,unknown,266.84,181.051,267.633,180.534
11,79,unknown,266.84,181.104,267.633,180.534
11,79,unknown,266.84,181.169,267.633,180.534
11,79,unknown,266.84,180.052,267.645,180.591
11,79,unknown,266.84,180.105,267.645,180.591
11,79,unknown,266.84,180.169,267.645,180.591
11,79,unknown,266.84,180.227,267.645,180.591
11,79,unknown,266.84,180.292,267.645,180.591
11,79,unknown,266.84,180.345,267.645,180.591
11,79,unknown,266.84,180.406,267.645,180.591
11,79,unknown,266.84,180.47,267.645,180.591
11,79,unknown,266.84,180.528,267.645,180.591
11,79,unknown,266.84,180.587,267.645,180.591
11,79,unknown,266.84,180.643,267.645,180.591
11,79,unknown,266.84,180.702,267.645,180.591
11,79,unknown,266.84,180.762,267.645,180.591
11,79,unknown,266.84,180.824,267.645,180.591
11,79,unknown,266.84,180.886,267.645,180.591
11,79,unknown,266.84,180.942,267.645,180.591
11,79,unknown,266.84,180.995,267.645,180.591
11,79,unknown,266.84,181.051,267.645,180.591
11,79,unknown,266.84,181.104,267.645,180.591
11,79,unknown,266.84,181.169,267.645,180.591
11,79,unknown,266.84,180.052,267.659,180.654
11,79,unknown,266.84,180.105,267.659,180.654
11,79,unknown,266.84,180.169,267.659,180.654
11,79,unknown,266.84,180.227,267.659,180.654
11,79,unknown,266.84,180.292,267.659,180.654
11,79,unknown,266.84,180.345,267.659,180.654
11,79,unknown,266.84,180.406,267.659,180.654
11,79,unknown,266.84,180.47,267.659,180.654
11,79,unknown,266.84,180.528,267.659,180.654
11,79,unknown,266.84,180.587,267.659,180.654
11,79,unknown,266.84,180.643,267.659,180.654
11,79,unknown,266.84,180.702,267.659,180.654
11,79,unknown,266.84,180.762,267.659,180.654
11,79,unknown,266.84,180.824,267.659,180.654
11,79,unknown,266.84,180.886,267.659,180.654
11,79,unknown,266.84,180.942,267.659,180.654
11,79,unknown,266.84,180.995,267.659,180.654
11,79,unknown,266.84,181.051,267.659,180.654
11,79,unknown,266.84,181.104,267.659,180.654
11,79,unknown,266.84,181.169,267.659,180.654
11,79,unknown,266.84,180.052,267.672,180.715
11,79,unknown,266.84,180.105,267.672,180.715
11,79,unknown,266.84,180.169,267.672,180.715
11,79,unknown,266.84,180.227,267.672,180.715
11,79,unknown,266.84,180.292,267.672,180.715
11,79,unknown,266.84,180.345,267.672,180.715
11,79,unknown,266.84,180.406,267.672,180.715
11,79,unknown,266.84,180.47,267.672,180.715
11,79,unknown,266.84,180.528,267.672,180.715
11,79,unknown,266.84,180.587,267.672,180.715
11,79,unknown,266.84,180.643,267.672,180.715
11,79,unknown,266.84,180.702,267.672,180.715
11,79,unknown,266.84,180.762,267.672,180.715
11,79,unknown,266.84,180.824,267.672,180.715
11,79,unknown,266.84,180.886,267.672,180.715
11,79,unknown,266.84,180.942,267.672,180.715
11,79,unknown,266.84,180.995,267.672,180.715
11,79,unknown,266.84,181.051,267.672,180.715
11,79,unknown,266.84,181.104,267.672,180.715
11,79,unknown,266.84,181.169,267.672,180.715
11,79,unknown,266.84,180.052,267.687,180.789
11,79,unknown,266.84,180.105,267.687,180.789
11,79,unknown,266.84,180.169,267.687,180.789
11,79,unknown,266.84,180.227,267.687,180.789
11,79,unknown,266.84,180.292,267.687,180.789
11,79,unknown,266.84,180.345,267.687,180.789
11,79,unknown,266.84,180.406,267.687,180.789
11,79,unknown,266.84,180.47,267.687,180.789
11,79,unknown,266.84,180.528,267.687,180.789
11,79,unknown,266.84,180.587,267.687,180.789
11,79,unknown,266.84,180.643,267.687,180.789
11,79,unknown,266.84,180.702,267.687,180.789
11,79,unknown,266.84,180.762,267.687,180.789
11,79,unknown,266.84,180.824,267.687,180.789
11,79,unknown,266.84,180.886,267.687,180.789
11,79,unknown,266.84,180.942,267.687,180.789
11,79,unknown,266.84,180.995,267.687,180.789
11,79,unknown,266.84,181.051,267.687,180.789
11,79,unknown,266.84,181.104,267.687,180.789
11,79,unknown,266.84,181.169,267.687,180.789
12,79,unknown,266.84,181.222,267.7,180.848
12,79,unknown,266.84,181.278,267.7,180.848
12,79,unknown,266.84,181.343,267.7,180.848
12,79,unknown,266.84,181.402,267.7,180.848
12,79,unknown,266.84,181.464,267.7,180.848
12,79,unknown,266.84,181.519,267.7,180.848
12,79,unknown,266.84,181.572,267.7,180.848
12,79,unknown,266.84,181.625,267.7,180.848
12,79,unknown,266.84,181.222,267.711,180.901
12,79,unknown,266.84,181.278,267.711,180.901
12,79,unknown,266.84,181.343,267.711,180.901
12,79,unknown,266.84,181.402,267.711,180.901
12,79,unknown,266.84,181.464,267.711,180.901
12,79,unknown,266.84,181.519,267.711,180.901
12,79,unknown,266.84,181.572,267.711,180.901
12,79,unknown,266.84,181.625,267.711,180.901
12,79,unknown,266.84,181.222,267.724,180.963
12,79,unknown,266.84,181.278,267.724,180.963
12,79,unknown,266.84,181.343,267.724,180.963
12,79,unknown,266.84,181.402,267.724,180.963
12,79,unknown,266.84,181.464,267.724,180.963
12,79,unknown,266.84,181.519,267.724,180.963
12,79,unknown,266.84,181.572,267.724,180.963
12,79,unknown,266.84,181.625,267.724,180.963
12,79,unknown,266.84,181.222,267.737,181.021
12,79,unknown,266.84,181.278,267.737,181.021
12,79,unknown,266.84,181.343,267.737,181.021
12,79,unknown,266.84,181.402,267.737,181.021
12,79,unknown,266.84,181.464,267.737,181.021
12,79,unknown,266.84,181.519,267.737,181.021
12,79,unknown,266.84,181.572,267.737,181.021
12,79,unknown,266.84,181.625,267.737,181.021
